a.scale: D(d,p)
0.9566590   0.9571820   0.9577891   0.9619435   0.9613628   0.9669381
0.9622011   0.9599407   0.9578583   0.9556799   0.9560035   0.9558415
0.9561641   0.9535777   0.9539139   0.9591179   0.9589086   0.9538096
0.9509831   0.9501348   0.9433695   0.9463407   0.9513064   0.9493235
0.9526764   0.9459586   0.9433941   0.9420593   0.9478946   0.9453078
0.9495711   0.9543600   0.9537698   0.9561861   0.9542938   0.9566060
0.9516281   0.9544267   0.9559286   0.9546687   0.9554290   0.9583276
0.9565168   0.9601421   0.9610100   0.9588949   0.9554986   0.9528581
0.9534636   0.9541847   0.9520471   0.9532243   0.9568697   0.9614588
0.9603824   0.9529792   0.9574558   0.9550959   0.9500656   0.9464707
0.9507675   0.9622204   0.9618036   0.9575952   0.9586796   0.9591544
0.9584613   0.9581103   0.9563850   0.9554172   0.9598031   0.9599025
0.9619722   0.9615652   0.9647015   0.9635981   0.9634429   0.9612657
0.9602112   0.9548385   0.9608154   0.9575434   0.9572332   0.9572910
0.9623758   0.9607337   0.9552572   0.9544553   0.9571639   0.9600439
0.9572413   0.9566989   0.9558983   0.9559188   0.9561586   0.9544710
0.9521006   0.9480814   0.9521740   0.9556236   0.9545923   0.9541457
0.9549704   0.9565212   0.9581925   0.9597514   0.9622289   0.9598536
0.9606993   0.9627439   0.9630336   0.9633640   0.9588721   0.9580368
0.9532131   0.9514142   0.9528679   0.9527481   0.9527837   0.9562768
0.9566476   0.9565979   0.9531924   0.9564803   0.9560126   0.9570987
0.9560423   0.9587149   0.9619956   0.9598667   0.9610463   0.9601911
0.9618978   0.9601016   0.9606000   0.9590669   0.9549505   0.9582246
0.9613381   0.9603499   0.9630857   0.9569696   0.9519273   0.9527602
0.9507894   0.9528669   0.9540925   0.9587325   0.9545141   0.9576247
0.9544228   0.9550782   0.9578642   0.9581617   0.9581444   0.9584677
0.9582718   0.9579129   0.9555375   0.9563363   0.9571707   0.9565487
0.9549449   0.9529150   0.9513834   0.9521533   0.9521225   0.9523587
0.9490692   0.9452483   0.9425395   0.9439085   0.9479798   0.9465687
0.9462653   0.9457955   0.9435094   0.9458676   0.9499034   0.9450507
0.9468556   0.9494056   0.9483140   0.9451455   0.9431278   0.9425842
0.9438041   0.9421187   0.9490516   0.9479273   0.9568362   0.9556729
0.9567053   0.9576416   0.9588226   0.9625995   0.9583916   0.9637829
0.9549929   0.9524807   0.9548840   0.9576309   0.9547422   0.9559508
0.9637824   0.9631656   0.9648372   0.9666736   0.9653711   0.9672471
0.9646299   0.9656351   0.9647727   0.9738923   0.9721380   0.9711442
0.9710814   0.9694110   0.9703415   0.9712542   0.9725202   0.9716551
0.9707253   0.9695558   0.9720067   0.9724588   0.9682254   0.9723809
0.9706242   0.9712606   0.9702693   0.9695902   0.9661740   0.9733897
0.9685210   0.9640170   0.9575527   0.9583674   0.9608479   0.9583179
0.9534836   0.9570747   0.9574863   0.9576926   0.9620723   0.9646034
0.9533351   0.9543305   0.9554797   0.9562515   0.9564364   0.9616919
0.9614990   0.9667048   0.9651342   0.9670647   0.9650930   0.9658437
0.9670958   0.9648374   0.9619238   0.9651027   0.9667236   0.9649104
0.9622253   0.9609524   0.9589959   0.9499623   0.9493204   0.9494728
0.9498612   0.9499742   0.9476917   0.9432990   0.9432002   0.9447010
0.9490574   0.9519727   0.9509078   0.9525447   0.9462744   0.9469068
0.9457618   0.9449690   0.9400710   0.9440506   0.9451561   0.9460402
0.9462007   0.9460232   0.9495596   0.9498332   0.9531719   0.9500650
0.9503820   0.9511312   0.9486426   0.9458087   0.9450078   0.9441989
0.9445346   0.9442096   0.9439915   0.9431721   0.9418405   0.9439179
0.9439844   0.9501362   0.9499438   0.9515738   0.9501054   0.9496917
0.9445604   0.9474745   0.9452225   0.9494658   0.9456374   0.9440940
0.9428898   0.9411046   0.9452562   0.9408758   0.9469312   0.9474219
0.9457096   0.9488473   0.9485138   0.9466517   0.9466161   0.9403883
0.9402622   0.9386806   0.9398072   0.9433464   0.9436584   0.9454189
0.9489514   0.9490811   0.9488670   0.9504919   0.9515870   0.9520883
0.9451659   0.9517186   0.9507269   0.9490017   0.9373241   0.9368548
0.9397888   0.9359414   0.9345101   0.9345064   0.9428151   0.9514211
0.9521026   0.9513263   0.9530061   0.9498097   0.9477463   0.9510085
0.9500330   0.9517164   0.9500237   0.9536227   0.9546479   0.9532173
0.9540775   0.9537657   0.9540408   0.9498272   0.9539716   0.9537753
0.9536674   0.9571733   0.9570340   0.9572443   0.9578326   0.9586398
0.9582610   0.9599876   0.9620779   0.9522859   0.9604490   0.9589507
0.9577324   0.9640616   0.9599304   0.9631820   0.9627788   0.9637408
0.9697300   0.9692113   0.9686669   0.9672686   0.9680812   0.9710769
0.9663594   0.9681145   0.9674731   0.9673578   0.9708483   0.9649089
0.9639934   0.9625265   0.9624463   0.9607052   0.9610025   0.9615317
0.9640164   0.9603635   0.9622958   0.9650927   0.9627941   0.9604161
0.9600302   0.9641747   0.9657534   0.9662777   0.9663545   0.9655115
0.9686440   0.9694692   0.9697510   0.9692998   0.9688466   0.9695761
0.9715931   0.9736790   0.9741802   0.9736309   0.9718943   0.9678317
0.9658293   0.9667292   0.9641241   0.9640317   0.9667784   0.9685406
0.9668267   0.9667524   0.9638602   0.9585176   0.9558345   0.9569352
0.9567707   0.9553159   0.9561932   0.9601353   0.9617489   0.9571480
0.9598241   0.9629532   0.9632203   0.9640956   0.9640549   0.9625134
0.9620490   0.9672102   0.9664289   0.9692907   0.9644809   0.9664636
0.9672049   0.9613990   0.9583061   0.9582665   0.9602653   0.9620477
0.9629198   0.9665626   0.9667417   0.9677770   0.9671849   0.9673812
0.9678505   0.9675080   0.9682444   0.9686511   0.9732097   0.9689272
0.9689423   0.9673255   0.9668374   0.9655273   0.9603365   0.9619460
0.9585620   0.9595055   0.9592371   0.9592557   0.9533519   0.9531766
0.9551463   0.9552573   0.9540844   0.9585131   0.9618127   0.9630184
0.9575656   0.9604735   0.9594677   0.9597480   0.9606437   0.9584643
0.9562868   0.9606929   0.9601910   0.9595897   0.9600889   0.9598743
0.9572693   0.9568535   0.9576131   0.9566419   0.9574849   0.9547275
0.9541432   0.9503709   0.9509906   0.9573370   0.9558034   0.9566444
0.9549451   0.9460932   0.9409564   0.9455385   0.9493024   0.9475845
0.9482952   0.9536803   0.9530055   0.9487019   0.9513690   0.9520276
0.9515707   0.9520629   0.9523208   0.9546336   0.9602173   0.9589467
0.9605799   0.9644479   0.9609686   0.9623970   0.9628304   0.9612275
0.9606810   0.9623410   0.9617448   0.9617680   0.9606737   0.9597744
0.9599393   0.9630698   0.9631732   0.9613837   0.9636246   0.9620099
0.9626454   0.9623272   0.9596514   0.9605724   0.9597051   0.9647643
0.9639926   0.9677192   0.9627899   0.9651331   0.9660735   0.9628083
0.9605882   0.9595941   0.9614505   0.9634521   0.9647293   0.9652562
0.9663418   0.9662939   0.9670589   0.9679432   0.9678808   0.9682330
0.9673336   0.9666034   0.9657877   0.9651071   0.9658043   0.9618972
0.9602172   0.9667871   0.9606380   0.9675001   0.9649564   0.9652679
0.9590862   0.9592725   0.9643234   0.9607620   0.9596055   0.9602018
0.9600034   0.9540320   0.9541594   0.9528275   0.9528775   0.9482280
0.9497296   0.9534023   0.9531565   0.9536633   0.9562974   0.9559379
0.9513344   0.9517836   0.9529923   0.9525496   0.9529432   0.9525396
0.9542868   0.9542916   0.9489554   0.9509449   0.9492468   0.9514256
0.9557634   0.9561193   0.9555316   0.9542047   0.9569138   0.9568826
0.9555926   0.9546964   0.9468862   0.9451385   0.9446299   0.9463497
0.9472133   0.9466718   0.9470994   0.9465024   0.9464393   0.9512942
0.9531847   0.9541558   0.9541447   0.9576145   0.9552062   0.9589220
0.9564755   0.9556075   0.9529510   0.9502578   0.9517682   0.9457917
0.9496042   0.9486820   0.9476188   0.9468256   0.9462685   0.9426024
0.9410183   0.9425792   0.9441557   0.9441112   0.9466287   0.9515486
0.9545129   0.9542650   0.9511582   0.9522678   0.9509979   0.9517978
0.9538104   0.9543306   0.9503119   0.9481527   0.9444088   0.9454927
0.9453762   0.9413895   0.9401540   0.9429534   0.9435074   0.9453797
0.9470299   0.9456849   0.9445384   0.9460318   0.9466045   0.9446822
0.9409564   0.9424188   0.9434749   0.9413631   0.9442049   0.9451600
0.9452062   0.9461980   0.9483397   0.9483377   0.9519779   0.9541700
0.9546610   0.9580426   0.9595634   0.9631766   0.9633361   0.9651553
0.9677115   0.9678878   0.9664459   0.9686234   0.9693033   0.9665893
0.9664090   0.9712524   0.9714558   0.9658806   0.9664510   0.9671044
0.9677529   0.9632354   0.9642058   0.9607474   0.9596932   0.9591100
0.9556015   0.9591231   0.9591804   0.9560400   0.9538459   0.9533996
0.9522241   0.9517281   0.9487973   0.9448448   0.9468406   0.9497620
0.9480265   0.9430791   0.9451926   0.9474005   0.9497450   0.9560720
0.9529930   0.9525892   0.9523630   0.9553886   0.9538029   0.9544866
0.9568463   0.9571381   0.9538729   0.9539058   0.9523765   0.9533634
0.9515231   0.9589199   0.9594703   0.9634515   0.9584601   0.9576754
0.9655131   0.9641848   0.9616909   0.9631187   0.9589975   0.9605771
0.9619555   0.9629374   0.9694085   0.9675047   0.9682030   0.9718358
0.9670827   0.9717824   0.9666727   0.9673986   0.9667359   0.9672000
0.9607306   0.9614889   0.9565376   0.9594349   0.9572829   0.9588755
0.9611833   0.9627315   0.9620238   0.9639852   0.9609017   0.9581167
0.9531494   0.9522247   0.9567560   0.9572361   0.9595698   0.9561621
0.9615980   0.9626812   0.9613939   0.9616225   0.9597399   0.9613737
0.9613668   0.9655459   0.9676007   0.9709525   0.9715115   0.9685121
0.9635963   0.9651689   0.9635267   0.9623913   0.9614605   0.9624399
0.9685045   0.9659192   0.9630152   0.9658280   0.9689754   0.9626620
0.9650015   0.9570588   0.9623306   0.9625804   0.9597322   0.9573672
0.9557565   0.9572025   0.9577048   0.9522888   0.9483418   0.9461877
0.9463423   0.9517867   0.9523678   0.9494396   0.9478630   0.9454221
0.9438171   0.9469947   0.9476701   0.9482998   0.9498774   0.9553932
0.9576769   0.9570622   0.9573470   0.9597895   0.9642405   0.9646313
0.9633611   0.9609832   0.9613447   0.9539031   0.9541490   0.9550089
0.9618841   0.9598069   0.9616472   0.9589057   0.9588577   0.9570867
0.9545488   0.9621692   0.9615309   0.9628698   0.9672915   0.9635323
0.9639184   0.9605313   0.9585750   0.9630658   0.9577587   0.9587349
0.9596215   0.9596851   0.9584140   0.9596175   0.9638409   0.9698549
0.9704281   0.9633679   0.9621962   0.9660759   0.9665398   0.9543888
0.9534575   0.9503497   0.9494729   0.9476477   0.9489415   0.9486735
0.9473532   0.9561828   0.9501250   0.9498843   0.9497426   0.9467784
0.9458901   0.9461367   0.9434216   0.9459463   0.9460638   0.9464408
0.9470186   0.9481501   0.9460691   0.9466742   0.9454407   0.9457310
0.9465154   0.9490617   0.9497961   0.9496607   0.9494798   0.9510192
0.9463071   0.9456261   0.9443000   0.9460024   0.9466492   0.9463831
0.9476476   0.9444770   0.9453027   0.9463143   0.9492265   0.9503435
0.9519391   0.9501948   0.9485513   0.9495974   0.9501618   0.9533742
0.9510399   0.9502713   0.9497440   0.9488399   0.9517696   0.9479759
0.9477688   0.9448666   0.9433529   0.9429034   0.9395361   0.9425305
0.9435419   0.9488322   0.9485790   0.9465103   0.9469620   0.9488415
0.9488218   0.9488087   0.9462149   0.9486515   0.9487010   0.9473808
0.9466630   0.9481079   0.9448246   0.9446613   0.9478983   0.9486551
0.9507953   0.9487411   0.9521647   0.9502621   0.9494681   0.9487000
0.9570314   0.9542266   0.9608115   0.9588160   0.9590646   0.9614266
0.9545946   0.9556292   0.9535841   0.9569341   0.9537407   0.9567955
0.9549795   0.9532752   0.9529043   0.9479346   0.9480917   0.9455056
0.9489635   0.9536845   0.9463672   0.9465594   0.9444170   0.9443620
0.9419199   0.9366066   0.9384540   0.9375198   0.9356289   0.9361171
0.9423449   0.9482774   0.9456948   0.9470530   0.9478996   0.9496738
0.9501169   0.9506132   0.9487262   0.9564958   0.9574649   0.9571694
0.9628490   0.9574513   0.9565825   0.9583174   0.9595548   0.9589651
0.9507948   0.9521208   0.9531707   0.9515944   0.9514087   0.9506677
0.9504430   0.9545976   0.9558083   0.9539144   0.9561825   0.9580432
0.9521055   0.9495517   0.9517376   0.9489937   0.9491215   0.9480316
0.9449910   0.9497997   0.9499897   0.9459122   0.9450681   0.9473361
0.9523487   0.9531456   0.9488330   0.9477424   0.9453637   0.9424407
0.9428993   0.9427124   0.9350442   0.9342058   0.9342519   0.9311918
0.9325238   0.9365151   0.9374525   0.9325623   0.9352158   0.9350269
0.9390906   0.9378135   0.9349760   0.9347637   0.9369390   0.9382152
0.9379577   0.9361269   0.9406018   0.9351814   0.9351112   0.9362872
0.9371198   0.9351303   0.9359220   0.9402835   0.9390629   0.9358038
0.9330401   0.9368162   0.9427152   0.9427413   0.9448351   0.9456171
0.9441633   0.9440999   0.9509087   0.9533571   0.9462791   0.9492522
0.9494667   0.9510239   0.9514557   0.9537666   0.9551644   0.9526857
0.9556509   0.9534116   0.9539066   0.9559904   0.9567244   0.9548767
0.9556894   0.9534770   0.9524912   0.9527416   0.9541115   0.9548775
0.9573818   0.9579241   0.9594709   0.9557834   0.9560559   0.9483889
0.9496059   0.9503277   0.9493518   0.9507314   0.9566820   0.9577510
0.9536246   0.9540017   0.9552610   0.9543791   0.9489618   0.9507713
0.9507524   0.9547099   0.9581534   0.9646192   0.9652314   0.9705286
0.9706285   0.9637243   0.9643595   0.9649856   0.9665949   0.9657880
0.9658917   0.9605463   0.9634046   0.9624084   0.9612448   0.9627764
0.9634577   0.9629523   0.9599386   0.9602085   0.9613888   0.9640256
0.9666818   0.9657115   0.9654317   0.9659297   0.9671067   0.9656993
0.9668150   0.9594735   0.9567046   0.9561850   0.9623180   0.9628540
0.9638907   0.9639047   0.9658912   0.9637077   0.9629474   0.9616795
0.9607340   0.9619894   0.9555021   0.9560699   0.9545829   0.9519912
0.9626665   0.9602428   0.9631796   0.9523171   0.9522282   0.9508035
0.9521960   0.9513440   0.9508932   0.9528563   0.9544535   0.9539219
0.9574097   0.9573222   0.9576422   0.9662749   0.9657793   0.9668514
0.9707663   0.9704632   0.9709275   0.9723726   0.9705979   0.9684446
0.9661522   0.9706671   0.9712624   0.9715363   0.9701682   0.9736622
0.9729821   0.9734610   0.9712501   0.9705651   0.9668326   0.9651102
0.9638841   0.9629506   0.9647734   0.9642168   0.9696392   0.9662036
0.9637167   0.9680767   0.9699341   0.9672503   0.9654026   0.9659502
0.9652200   0.9609570   0.9584864   0.9600272   0.9589060   0.9599204
0.9632796   0.9597667   0.9637769   0.9608930   0.9595444   0.9631737
0.9630546   0.9567163   0.9537055   0.9519431   0.9537258   0.9536977
0.9581227   0.9569045   0.9600557   0.9581898   0.9584620   0.9568241
0.9560185   0.9507868   0.9536079   0.9502649   0.9488766   0.9477372
0.9464765   0.9515514   0.9519097   0.9550101   0.9521556   0.9545995
0.9540321   0.9509022   0.9518834   0.9608021   0.9637433   0.9648491
0.9603558   0.9595347   0.9598717   0.9572109   0.9613594   0.9618866
0.9633408   0.9634066   0.9630803   0.9597858   0.9603492   0.9567108
0.9583629   0.9587321   0.9630237   0.9614200   0.9622426   0.9583410
0.9553680   0.9590155   0.9618575   0.9630058   0.9648934   0.9643197
0.9650656   0.9653124   0.9598533   0.9610697   0.9589323   0.9604942
0.9665417   0.9643731   0.9614279   0.9607055   0.9600638   0.9667190
0.9669051   0.9669744   0.9660714   0.9637942   0.9611098   0.9612794
0.9613412   0.9600362   0.9588731   0.9640150   0.9646954   0.9646636
0.9637865   0.9590498   0.9591589   0.9627768   0.9604936   0.9611594
0.9607215   0.9599082   0.9606334   0.9592001   0.9577055   0.9568077
0.9575508   0.9575450   0.9598241   0.9597198   0.9548692   0.9593811
0.9603100   0.9625866   0.9644921   0.9650056   0.9643522   0.9635876
0.9634107   0.9619557   0.9572247   0.9550616   0.9527371   0.9550007
0.9563799   0.9594038   0.9592052   0.9586020   0.9597256   0.9592423
0.9584372   0.9601735   0.9600385   0.9575001   0.9539956   0.9554029
0.9566754   0.9568770   0.9593236   0.9602932   0.9580604   0.9610381
0.9645134   0.9609951   0.9607863   0.9539949   0.9606306   0.9658319
0.9655310   0.9654287   0.9648742   0.9652638   0.9597427   0.9590531
0.9617302   0.9682069   0.9679735   0.9700665   0.9672683   0.9681733
0.9595714   0.9613983   0.9620753   0.9600292   0.9582161   0.9592976
0.9597892   0.9613470   0.9613603   0.9589530   0.9543384   0.9531758
0.9542615   0.9568819   0.9558962   0.9631880   0.9646186   0.9665858
0.9667860   0.9598757   0.9654361   0.9645792   0.9665862   0.9695606
0.9712655   0.9700356   0.9687213   0.9682116   0.9701440   0.9720095
0.9691953   0.9722061   0.9734850   0.9727774   0.9709470   0.9766531
0.9748372   0.9762267   0.9745627   0.9710042   0.9711233   0.9677548
0.9711985   0.9664395   0.9666486   0.9593268   0.9586509   0.9557667
0.9567516   0.9563896   0.9549885   0.9529060   0.9547914   0.9560296
0.9530898   0.9522447   0.9518856   0.9508843   0.9513721   0.9545369
0.9548647   0.9553164   0.9555383   0.9600788   0.9604579   0.9637217
0.9659850   0.9658811   0.9687688   0.9687015   0.9694477   0.9668036
0.9662165   0.9670257   0.9696002   0.9688807   0.9704814   0.9688870
0.9701436   0.9729917   0.9691690   0.9690867   0.9745831   0.9725718
0.9731271   0.9709974   0.9699037   0.9699668   0.9642334   0.9681584
0.9686552   0.9743613   0.9771733   0.9781936   0.9761572   0.9696079
0.9685570   0.9660427   0.9649553   0.9659393   0.9653610   0.9676136
0.9671225   0.9683855   0.9693967   0.9649000   0.9717191   0.9718556
0.9710445   0.9700863   0.9705909   0.9697273   0.9689383   0.9728379
0.9765483   0.9707852   0.9698568   0.9664404   0.9618247   0.9575430
0.9628443   0.9618381   0.9640368   0.9635217   0.9682516   0.9680486
0.9702257   0.9786793   0.9738477   0.9773243   0.9753791   0.9800724
0.9799805   0.9779933   0.9747984   0.9774765   0.9797072   0.9785182
0.9829798   0.9781824   0.9763639   0.9752838   0.9752618   0.9744657
0.9799176   0.9791489   0.9757809   0.9686048   0.9679089   0.9701386
0.9683073   0.9712258   0.9680159   0.9681717   0.9687585   0.9666754
0.9648789   0.9607448   0.9660917   0.9641379   0.9624005   0.9636600
0.9637226   0.9585146   0.9594891   0.9604993   0.9589220   0.9583861
0.9614323   0.9599280   0.9534868   0.9523529   0.9532663   0.9593085
0.9563031   0.9569162   0.9603829   0.9592711   0.9611076   0.9592451
0.9540687   0.9544592   0.9544111   0.9521697   0.9534306   0.9516911
0.9522460   0.9573296   0.9572368   0.9575550   0.9570613   0.9572898
0.9559996   0.9573645   0.9587748   0.9591985   0.9498349   0.9496883
0.9494097   0.9444090   0.9449386   0.9435419   0.9445114   0.9490061
0.9453117   0.9454909   0.9429705   0.9440631   0.9450487   0.9421422
0.9424298   0.9409315   0.9417933   0.9403891   0.9368389   0.9386166
0.9342416   0.9395788   0.9498332   0.9466950   0.9467031   0.9474439
0.9479032   0.9459407   0.9487602   0.9473731   0.9472468   0.9492122
0.9507538   0.9505622   0.9501599   0.9505959   0.9512233   0.9544806
0.9538012   0.9563401   0.9561698   0.9574156   0.9579824   0.9638654
0.9625434   0.9560381   0.9579798   0.9575419   0.9548120   0.9516615
0.9521819   0.9449867   0.9444090   0.9432343   0.9420126   0.9439859
0.9444347   0.9496302   0.9571823   0.9574552   0.9593936   0.9585542
0.9569764   0.9604157   0.9597334   0.9610764   0.9643067   0.9723467
0.9631723   0.9614709   0.9631242   0.9606100   0.9539739   0.9556462
0.9553917   0.9554270   0.9550047   0.9549813   0.9521970   0.9507480
0.9506376   0.9505913   0.9526757   0.9530448   0.9549480   0.9580758
0.9550576   0.9577863   0.9591224   0.9630372   0.9607274   0.9612276
0.9612375   0.9635467   0.9641815   0.9647442   0.9610204   0.9594922
0.9614142   0.9574879   0.9598221   0.9585790   0.9534879   0.9523222
0.9526731   0.9519250   0.9505992   0.9467221   0.9450503   0.9388550
0.9451459   0.9468315   0.9463947   0.9434530   0.9392398   0.9342430
0.9363670   0.9375378   0.9390990   0.9397206   0.9384412   0.9382142
0.9446963   0.9438104   0.9448227   0.9440995   0.9489839   0.9487770
0.9522420   0.9510714   0.9513026   0.9519509   0.9538271   0.9530214
0.9531381   0.9535712   0.9534751   0.9574025   0.9521362   0.9517672
0.9543241   0.9466841   0.9487135   0.9435060   0.9436848   0.9375952
0.9410231   0.9427980   0.9407850   0.9395009   0.9355587   0.9347964
0.9375667   0.9384404   0.9396249   0.9400124   0.9393566   0.9400303
0.9399049   0.9373721   0.9369865   0.9339277   0.9342388   0.9363986
0.9426120   0.9458286   0.9452466   0.9467182   0.9431152   0.9452214
0.9432587   0.9464253   0.9476828   0.9481722   0.9468567   0.9466150
0.9480911   0.9478649   0.9473604   0.9496278   0.9489863   0.9525353
0.9530840   0.9540051   0.9525143   0.9503518   0.9487275   0.9464722
0.9444272   0.9439813   0.9459492   0.9430723   0.9468994   0.9462897
0.9470558   0.9474112   0.9470440   0.9464448   0.9501891   0.9477739
0.9487345   0.9444318   0.9390772   0.9392868   0.9391845   0.9392985
0.9391016   0.9408896   0.9418826   0.9440148   0.9457996   0.9423559
0.9421139   0.9408271   0.9395251   0.9407296   0.9412925   0.9425127
0.9442473   0.9519360   0.9501406   0.9500508   0.9433007   0.9433508
0.9445878   0.9494864   0.9507898   0.9492260   0.9465612   0.9460326
0.9475353   0.9476749   0.9472014   0.9492242   0.9469515   0.9494539
0.9491357   0.9435946   0.9419973   0.9415673   0.9418177   0.9418695
0.9426801   0.9398289   0.9432380   0.9428376   0.9368104   0.9380720
0.9333836   0.9391484   0.9360954   0.9365621   0.9365186   0.9400583
0.9403934   0.9399308   0.9417016   0.9438637   0.9446470   0.9447864
0.9446015   0.9452621   0.9454037   0.9462807   0.9463409   0.9463874
0.9477445   0.9495727   0.9504232   0.9475539   0.9473369   0.9447250
0.9508094   0.9523346   0.9545890   0.9500661   0.9487495   0.9525156
0.9519222   0.9511403   0.9514970   0.9508005   0.9493683   0.9435155
0.9460802   0.9447653   0.9423572   0.9399706   0.9355593   0.9413391
0.9409775   0.9406011   0.9503509   0.9480001   0.9435657   0.9434303
0.9432789   0.9393436   0.9374325   0.9381458   0.9377213   0.9450152
0.9433968   0.9407340   0.9416648   0.9434009   0.9430277   0.9428862
0.9397269   0.9469211   0.9468977   0.9504831   0.9509419   0.9546047
0.9593396   0.9577200   0.9597053   0.9588915   0.9587854   0.9588940
0.9569792   0.9626350   0.9611605   0.9573234   0.9547596   0.9580240
0.9595043   0.9566134   0.9582138   0.9597443   0.9604323   0.9558023
0.9540257   0.9496070   0.9432605   0.9420202   0.9396566   0.9385477
0.9379967   0.9371169   0.9353714   0.9387216   0.9350140   0.9338691
0.9317955   0.9302429   0.9279303   0.9282665   0.9279118   0.9223832
0.9214360   0.9233391   0.9229015   0.9251947   0.9265611   0.9266442
0.9261169   0.9277234   0.9271522   0.9291166   0.9290857   0.9267490
0.9221486   0.9266784   0.9299164   0.9298611   0.9268389   0.9247467
0.9270094   0.9272476   0.9272582   0.9297296   0.9310760   0.9295770
0.9294359   0.9261098   0.9319478   0.9373614   0.9345605   0.9341129
0.9380760   0.9374116   0.9373779   0.9366934   0.9389868   0.9417808
0.9427100   0.9385918   0.9364931   0.9368270   0.9318625   0.9317187
0.9340320   0.9378845   0.9375081   0.9377387   0.9380861   0.9395782
0.9458809   0.9458267   0.9513688   0.9541417   0.9539675   0.9510715
0.9526859   0.9564722   0.9577624   0.9574657   0.9598444   0.9584088
0.9581976   0.9561853   0.9543528   0.9631296   0.9580621   0.9574665
0.9575018   0.9550612   0.9594002   0.9592459   0.9592677   0.9538155
0.9517861   0.9535799   0.9534487   0.9532409   0.9510254   0.9513006
0.9440610   0.9433404   0.9407899   0.9415737   0.9425560   0.9460394
0.9447946   0.9396515   0.9423200   0.9402593   0.9364849   0.9382558
0.9333878   0.9345367   0.9396784   0.9415938   0.9402481   0.9412149
0.9405428   0.9403815   0.9478640   0.9509959   0.9500300   0.9523650
0.9525499   0.9514099   0.9484288   0.9499504   0.9492964   0.9495276
0.9510462   0.9490964   0.9507089   0.9480540   0.9491125   0.9513156
0.9491678   0.9465462   0.9464377   0.9513010   0.9501447   0.9493904
0.9495264   0.9460428   0.9470064   0.9460742   0.9424377   0.9411723
0.9467937   0.9480100   0.9465819   0.9479485   0.9461482   0.9440770
0.9449832   0.9427241   0.9430798   0.9449804   0.9441917   0.9429202
0.9414108   0.9427984   0.9457314   0.9458937   0.9468168   0.9449398
0.9435103   0.9427158   0.9465459   0.9482616   0.9434369   0.9461931
0.9442631   0.9395244   0.9401964   0.9389324   0.9439050   0.9416104
0.9390525   0.9449101   0.9423174   0.9421520   0.9435765   0.9463719
0.9470816   0.9496876   0.9558300   0.9501897   0.9451803   0.9506203
0.9512517   0.9524887   0.9515612   0.9520109   0.9520897   0.9511872
0.9536420   0.9456427   0.9427689   0.9401580   0.9456673   0.9419381
0.9442794   0.9384910   0.9397110   0.9409561   0.9412687   0.9434614
0.9467216   0.9475319   0.9544563   0.9505183   0.9473124   0.9496528
0.9482137   0.9445972   0.9424172   0.9435645   0.9434661   0.9447000
0.9474379   0.9482036   0.9481875   0.9444884   0.9436081   0.9456797
0.9458860   0.9453841   0.9466342   0.9503304   0.9478212   0.9466217
0.9457140   0.9495913   0.9473558   0.9502134   0.9505101   0.9480768
0.9547247   0.9535748   0.9524881   0.9547207   0.9551581   0.9542297
0.9546885   0.9550297   0.9518910   0.9563212   0.9566215   0.9570221
0.9568483   0.9549079   0.9550231   0.9556452   0.9529605   0.9533803
0.9518435   0.9533630   0.9505962   0.9512841   0.9514371   0.9507430
0.9493300   0.9484164   0.9506509   0.9443521   0.9459150   0.9463562
0.9505891   0.9490777   0.9487446   0.9468844   0.9494023   0.9507995
0.9444111   0.9396947   0.9427460   0.9437499   0.9439962   0.9456812
0.9449477   0.9447306   0.9499499   0.9533087   0.9530401   0.9567130
0.9583561   0.9595823   0.9596359   0.9581528   0.9565799   0.9561954
0.9550106   0.9539764   0.9519065   0.9538441   0.9519137   0.9523056
0.9551449   0.9521943   0.9468457   0.9449946   0.9481708   0.9481525
0.9505794   0.9497743   0.9473969   0.9477792   0.9485067   0.9543979
0.9513488   0.9488111   0.9496976   0.9486736   0.9472324   0.9442238
0.9471399   0.9479961   0.9477142   0.9492026   0.9490821   0.9440766
0.9473239   0.9474028   0.9457593   0.9488838   0.9495651   0.9498079
0.9479070   0.9460306   0.9444719   0.9433158   0.9549174   0.9498219
0.9440364   0.9448460   0.9483391   0.9492224   0.9502647   0.9513638
0.9529697   0.9598736   0.9600258   0.9562301   0.9488395   0.9487195
0.9462072   0.9471442   0.9475024   0.9467817   0.9489488   0.9467448
0.9440448   0.9437634   0.9426063   0.9468283   0.9482643   0.9500908
0.9456980   0.9489490   0.9494813   0.9464873   0.9431814   0.9414406
0.9398023   0.9392436   0.9417775   0.9414755   0.9414683   0.9421896
0.9439844   0.9432418   0.9436817   0.9419809   0.9423186   0.9456999
0.9524687   0.9559773   0.9535715   0.9529665   0.9543416   0.9566434
0.9537279   0.9545178   0.9543624   0.9553630   0.9572429   0.9585457
0.9547717   0.9552533   0.9560453   0.9623582   0.9630582   0.9638759
0.9639263   0.9661222   0.9629025   0.9639158   0.9626278   0.9619608
0.9621112   0.9610855   0.9643383   0.9603076   0.9589811   0.9601588
0.9547499   0.9544083   0.9552853   0.9568122   0.9532127   0.9536859
0.9529691   0.9561102   0.9476212   0.9480388   0.9493260   0.9536535
0.9484775   0.9512095   0.9524534   0.9491677   0.9495685   0.9509369
0.9512937   0.9514561   0.9527438   0.9500609   0.9487470   0.9481354
0.9471806   0.9436129   0.9504150   0.9512840   0.9456855   0.9489604
0.9527513   0.9518157   0.9463639   0.9463679   0.9483947   0.9452647
0.9450989   0.9403715   0.9389000   0.9373014   0.9389561   0.9391517
0.9383682   0.9397203   0.9390689   0.9374186   0.9367711   0.9485458
0.9482581   0.9455384   0.9442188   0.9430017   0.9373110   0.9414635
0.9468547   0.9545461   0.9532196   0.9539853   0.9536761   0.9564202
0.9563640   0.9595074   0.9638237   0.9694715   0.9703193   0.9703374
0.9685005   0.9638086   0.9607190   0.9604930   0.9611857   0.9572679
0.9559408   0.9559017   0.9544622   0.9481631   0.9434259   0.9407812
0.9408204   0.9405033   0.9408952   0.9419474   0.9391429   0.9417534
0.9414044   0.9390756   0.9377150   0.9400971   0.9378636   0.9392509
0.9380066   0.9379311   0.9372613   0.9411831   0.9427676   0.9409165
0.9446267   0.9391893   0.9398237   0.9389792   0.9404071   0.9427619
0.9407988   0.9399567   0.9411306   0.9433360   0.9403509   0.9400106
0.9444183   0.9460791   0.9471816   0.9476467   0.9429449   0.9436447
0.9434715   0.9528253   0.9481541   0.9473141   0.9491910   0.9435486
0.9420239   0.9415927   0.9408985   0.9435716   0.9432929   0.9449029
0.9445244   0.9458886   0.9446526   0.9482551   0.9497621   0.9499254
0.9471430   0.9469762   0.9486066   0.9489924   0.9489809   0.9461475
0.9473936   0.9494819   0.9523929   0.9548462   0.9609708   0.9617968
0.9616184   0.9586443   0.9576574   0.9583997   0.9572502   0.9547733
0.9557366   0.9561120   0.9562424   0.9551469   0.9533319   0.9576473
0.9547624   0.9580971   0.9588718   0.9587758   0.9555705   0.9565360
0.9547551   0.9526784   0.9511078   0.9489172   0.9456819   0.9437431
0.9408147   0.9416794   0.9439352   0.9419166   0.9426410   0.9433207
0.9453001   0.9551205   0.9630729   0.9649406   0.9610632   0.9593139
0.9680039   0.9653996   0.9642023   0.9646202   0.9603672   0.9578649
0.9627591   0.9642115   0.9644774   0.9662963   0.9615766   0.9678646
0.9684537   0.9640208   0.9610309   0.9641745   0.9648834   0.9632251
0.9615156   0.9560735   0.9581341   0.9547383   0.9580568   0.9580848
0.9569384   0.9604825   0.9579396   0.9600317   0.9596984   0.9628469
0.9638886   0.9629540   0.9606616   0.9638850   0.9621826   0.9604892
0.9575071   0.9610692   0.9611726   0.9614325   0.9580085   0.9657813
0.9663157   0.9637317   0.9591479   0.9610958   0.9623096   0.9636206
0.9607428   0.9613101   0.9600130   0.9587556   0.9575293   0.9621859
0.9580004   0.9593896   0.9579706   0.9550483   0.9555677   0.9551958
0.9605927   0.9556054   0.9587104   0.9632039   0.9647044   0.9651748
0.9667590   0.9635630   0.9634142   0.9641922   0.9671216   0.9684875
0.9672136   0.9642881   0.9645053   0.9656951   0.9658397   0.9667848
0.9709516   0.9654752   0.9657342   0.9622039   0.9640512   0.9659540
0.9670397   0.9666931   0.9651772   0.9646033   0.9592457   0.9554757
0.9553307   0.9573904   0.9570159   0.9591179   0.9597689   0.9602609
0.9614670   0.9602853   0.9636649   0.9708068   0.9726815   0.9647177
0.9640311   0.9647854   0.9631776   0.9678968   0.9629745   0.9601661
0.9647881   0.9615766   0.9667363   0.9636279   0.9653834   0.9578232
0.9569327   0.9557513   0.9580564   0.9596464   0.9602888   0.9609773
0.9628993   0.9616106   0.9605958   0.9635379   0.9690618   0.9674430
0.9660362   0.9758604   0.9758506   0.9749354   0.9779041   0.9803867
0.9797573   0.9765514   0.9804142   0.9757455   0.9767052   0.9761897
0.9741881   0.9728086   0.9769853   0.9787855   0.9754539   0.9753991
0.9726133   0.9682237   0.9679181   0.9617030   0.9607380   0.9599384
0.9599588   0.9626752   0.9627366   0.9618567   0.9608389   0.9605598
0.9549144   0.9546090   0.9529474   0.9453106   0.9518457   0.9529395
0.9513730   0.9541004   0.9535527   0.9551399   0.9540962   0.9582036
0.9570564   0.9516280   0.9480743   0.9494920   0.9526152   0.9522755
0.9513897   0.9507093   0.9525712   0.9520998   0.9506181   0.9518966
0.9513444   0.9477129   0.9482713   0.9514310   0.9553505   0.9562106
0.9522254   0.9506642   0.9583591   0.9578819   0.9592595   0.9597147
0.9584215   0.9623908   0.9613184   0.9582010   0.9594306   0.9608305
0.9640314   0.9649423   0.9645849   0.9613678   0.9635309   0.9598572
0.9556091   0.9536417   0.9550125   0.9557600   0.9564568   0.9579008
0.9581732   0.9591711   0.9597285   0.9629647   0.9591191   0.9589262
0.9617349   0.9577991   0.9579761   0.9561825   0.9584146   0.9593098
0.9587950   0.9559159   0.9554504   0.9560354   0.9558103   0.9560245
0.9526961   0.9546892   0.9545066   0.9623485   0.9637183   0.9501052
0.9478286   0.9483622   0.9517978   0.9528084   0.9518099   0.9568879
0.9607843   0.9551093   0.9563472   0.9596153   0.9625579   0.9730751
0.9734006   0.9745871   0.9719970   0.9728296   0.9820788   0.9882994
0.9836462   0.9804441   0.9794834   0.9788926   0.9787176   0.9747851
0.9748468   0.9696834   0.9698359   0.9632722   0.9576393   0.9578103
0.9575509   0.9532306   0.9537833   0.9545522   0.9592550   0.9552004
0.9524140   0.9502922   0.9549871   0.9525099   0.9541895   0.9503358
0.9502701   0.9527692   0.9500718   0.9522924   0.9526973   0.9487008
0.9450803   0.9477578   0.9482657   0.9482248   0.9508754   0.9487126
0.9481692   0.9510480   0.9471983   0.9476730   0.9475136   0.9517318
0.9497946   0.9440328   0.9472623   0.9448159   0.9497851   0.9549762
0.9595401   0.9566791   0.9598435   0.9638390   0.9641623   0.9665191
0.9681345   0.9593765   0.9593828   0.9572094   0.9562579   0.9544627
0.9639053   0.9657146   0.9673861   0.9672362   0.9551403   0.9534035
0.9520647   0.9586067   0.9637009   0.9600289   0.9612276   0.9583435
0.9574474   0.9566071   0.9550081   0.9575632   0.9569459   0.9590002
0.9561041   0.9568933   0.9510385   0.9495963   0.9504349   0.9507782
0.9487318   0.9495671   0.9517028   0.9500492   0.9477256   0.9476181
0.9507900   0.9498375   0.9529033   0.9532285   0.9531520   0.9527901
0.9553839   0.9536957   0.9579289   0.9606182   0.9622496   0.9609057
0.9586696   0.9616337   0.9623751   0.9583335   0.9572074   0.9577197
0.9583007   0.9642958   0.9666640   0.9625041   0.9627785   0.9661622
0.9627395   0.9634342   0.9595633   0.9546353   0.9567964   0.9560864
0.9565097   0.9645613   0.9693427   0.9743485   0.9673235   0.9662072
0.9697050   0.9701264   0.9693908   0.9656271   0.9663811   0.9721205
0.9733663   0.9697626   0.9663709   0.9606663   0.9618535   0.9613091
0.9603223   0.9585251   0.9591089   0.9574923   0.9571875   0.9550070
0.9535041   0.9532396   0.9542838   0.9553327   0.9500685   0.9520679
0.9501231   0.9467240   0.9461690   0.9474238   0.9531972   0.9514623
0.9474164   0.9469004   0.9459846   0.9448394   0.9426720   0.9396513
0.9440793   0.9418919   0.9404461   0.9430749   0.9468099   0.9475129
0.9473417   0.9493474   0.9498124   0.9502479   0.9471041   0.9470538
0.9461760   0.9457409   0.9476738   0.9443933   0.9432349   0.9446122
0.9462177   0.9459200   0.9474391   0.9469523   0.9472886   0.9426496
0.9409858   0.9397518   0.9395443   0.9382060   0.9393141   0.9428544
0.9410395   0.9391811   0.9380189   0.9382658   0.9387630   0.9394764
0.9420618   0.9429752   0.9426346   0.9397411   0.9406353   0.9455447
0.9401294   0.9360887   0.9353289   0.9364492   0.9372727   0.9425206
0.9428295   0.9421759   0.9446409   0.9441668   0.9409269   0.9407742
0.9478093   0.9477009   0.9467045   0.9501975   0.9485127   0.9534610
0.9545539   0.9509550   0.9492174   0.9474889   0.9462578   0.9442060
0.9386235   0.9344610   0.9325731   0.9316023   0.9311696   0.9314625
0.9364918   0.9334099   0.9273807   0.9290003   0.9310206   0.9329464
0.9308029   0.9300264   0.9317801   0.9301603   0.9308496   0.9314023
0.9287760   0.9258816   0.9239560   0.9237219   0.9226041   0.9266428
0.9306275   0.9286970   0.9282598   0.9287486   0.9296498   0.9359296
0.9398855   0.9381786   0.9375628   0.9389842   0.9362546   0.9351619
0.9444968   0.9424731   0.9436339   0.9547022   0.9503956   0.9513036
0.9516222   0.9554997   0.9654862   0.9645032   0.9620784   0.9636828
0.9626732   0.9571121   0.9604208   0.9558484   0.9541460   0.9521855
0.9547362   0.9528097   0.9532955   0.9547578   0.9557504   0.9537488
0.9486502   0.9503761   0.9506302   0.9562831   0.9603137   0.9684996
0.9693792   0.9669311   0.9667244   0.9677475   0.9594587   0.9595456
0.9560836   0.9555324   0.9557998   0.9537302   0.9478128   0.9472085
0.9484640   0.9540589   0.9505875   0.9479481   0.9490427   0.9515689
0.9543007   0.9483380   0.9440823   0.9464565   0.9482057   0.9488874
0.9524865   0.9529032   0.9565702   0.9562139   0.9575936   0.9544785
0.9568421   0.9527538   0.9523637   0.9580345   0.9562868   0.9571308
0.9600421   0.9562371   0.9592332   0.9583207   0.9559324   0.9495994
0.9481647   0.9496168   0.9509718   0.9489389   0.9488446   0.9481406
0.9464906   0.9488683   0.9475807   0.9489763   0.9496005   0.9527405
0.9519352   0.9512421   0.9526175   0.9504487   0.9475037   0.9424191
0.9470155   0.9468845   0.9469755   0.9435133   0.9410673   0.9392077
0.9403766   0.9401657   0.9418287   0.9433678   0.9425648   0.9439036
0.9438713   0.9447564   0.9455818   0.9472912   0.9464375   0.9478385
0.9481878   0.9515503   0.9508904   0.9516036   0.9517086   0.9592182
0.9598690   0.9575562   0.9571191   0.9519502   0.9519505   0.9568378
0.9632181   0.9633680   0.9570259   0.9663169   0.9659203   0.9643442
0.9589494   0.9592589   0.9607355   0.9659126   0.9554737   0.9623553
0.9576252   0.9563552   0.9550418   0.9596856   0.9591596   0.9602778
0.9590648   0.9587786   0.9661425   0.9684386   0.9689840   0.9742067
0.9736009   0.9760840   0.9698019   0.9705550   0.9743451   0.9752918
0.9730603   0.9768932   0.9791684   0.9747024   0.9755018   0.9759833
0.9737085   0.9716396   0.9703309   0.9699909   0.9675870   0.9654028
0.9722329   0.9756098   0.9742907   0.9755140   0.9749034   0.9770340
0.9737668   0.9742511   0.9743940   0.9735114   0.9681047   0.9685839
0.9717993   0.9738022   0.9739781   0.9769061   0.9671910   0.9536930
0.9576853   0.9583545   0.9567795   0.9509973   0.9488830   0.9476477
0.9439528   0.9490655   0.9490122   0.9505605   0.9547350   0.9538628
0.9536527   0.9550216   0.9585846   0.9578390   0.9552541   0.9532356
0.9506893   0.9472138   0.9441356   0.9378770   0.9416542   0.9469337
0.9384814   0.9404787   0.9420615   0.9439741   0.9433281   0.9461424
0.9526310   0.9575529   0.9550978   0.9538371   0.9566591   0.9544383
0.9566798   0.9556223   0.9590170   0.9557553   0.9562595   0.9569051
0.9573586   0.9604920   0.9613386   0.9520234   0.9498310   0.9486991
0.9463062   0.9466857   0.9442865   0.9415503   0.9430450   0.9429592
0.9432766   0.9421535   0.9471164   0.9509952   0.9543768   0.9598707
0.9596572   0.9583689   0.9545860   0.9555922   0.9550588   0.9593661
0.9614451   0.9596150   0.9592638   0.9594181   0.9588678   0.9663930
0.9696323   0.9717455   0.9683838   0.9600472   0.9593073   0.9554398
0.9544145   0.9547237   0.9516912   0.9521569   0.9504443   0.9525237
0.9449581   0.9438346   0.9423969   0.9474998   0.9477704   0.9453461
0.9410735   0.9387793   0.9392208   0.9430701   0.9431275   0.9430086
0.9430493   0.9464206   0.9451018   0.9449857   0.9443985   0.9472771
0.9482767   0.9452129   0.9470787   0.9510696   0.9506258   0.9531094
0.9595217   0.9601659   0.9646427   0.9678217   0.9662912   0.9611004
0.9636297   0.9593945   0.9516330   0.9521362   0.9529059   0.9570674
0.9570728   0.9567679   0.9553024   0.9523650   0.9569604   0.9589540
0.9610845   0.9620416   0.9628478   0.9657328   0.9638908   0.9638236
0.9650515   0.9672627   0.9666272   0.9662110   0.9663754   0.9619682
0.9667104   0.9666427   0.9645911   0.9654965   0.9650223   0.9657191
0.9569523   0.9582413   0.9590000   0.9595427   0.9691194   0.9692644
0.9691298   0.9601501   0.9619775   0.9601862   0.9576344   0.9575596
0.9558557   0.9606875   0.9572064   0.9552798   0.9566239   0.9563627
0.9576695   0.9535486   0.9551203   0.9521803   0.9535970   0.9553771
0.9575563   0.9580321   0.9581556   0.9584895   0.9605088   0.9561690
0.9568162   0.9577954   0.9542059   0.9519393   0.9547260   0.9578704
0.9521121   0.9535242   0.9536968   0.9531357   0.9532792   0.9513044
0.9532464   0.9548925   0.9517698   0.9486747   0.9488982   0.9549230
0.9543304   0.9549571   0.9456719   0.9370144   0.9378467   0.9374364
0.9417668   0.9465678   0.9496458   0.9473309   0.9477217   0.9474485
0.9471994   0.9434538   0.9497702   0.9513430   0.9558439   0.9557184
0.9549369   0.9614119   0.9612831   0.9601437   0.9593056   0.9560709
0.9598153   0.9601877   0.9669361   0.9698642   0.9633918   0.9655190
0.9697185   0.9669899   0.9694579   0.9726442   0.9771341   0.9759048
0.9743747   0.9800309   0.9794931   0.9784085   0.9795369   0.9767243
0.9764455   0.9723264   0.9715048   0.9702326   0.9730447   0.9739072
0.9704127   0.9723256   0.9737445   0.9725480   0.9776064   0.9782546
0.9770252   0.9794427   0.9745181   0.9774603   0.9746696   0.9737971
0.9758189   0.9703576   0.9716689   0.9759056   0.9759808   0.9774384
0.9782572   0.9817064   0.9808824   0.9787113   0.9779056   0.9761043
0.9737856   0.9735413   0.9704423   0.9706716   0.9684043   0.9685100
0.9604798   0.9614980   0.9605285   0.9616337   0.9601931   0.9608390
0.9610564   0.9625279   0.9565446   0.9636480   0.9599200   0.9702668
0.9701507   0.9614416   0.9612014   0.9706005   0.9713331   0.9678282
0.9659822   0.9724172   0.9699769   0.9695254   0.9707497   0.9695954
0.9662204   0.9650115   0.9677999   0.9616987   0.9611632   0.9600649
0.9593757   0.9622652   0.9613723   0.9642336   0.9643067   0.9638788
0.9655139   0.9660862   0.9662277   0.9680462   0.9671607   0.9652090
0.9653603   0.9654936   0.9644041   0.9669871   0.9661153   0.9673366
0.9650130   0.9654521   0.9656601   0.9647186   0.9641684   0.9652990
0.9651780   0.9706689   0.9686403   0.9565672   0.9555780   0.9549921
0.9585448   0.9550189   0.9546940   0.9523705   0.9527805   0.9478588
0.9552777   0.9569252   0.9597260   0.9602322   0.9615663   0.9664991
0.9653072   0.9631258   0.9640629   0.9675726   0.9625984   0.9649576
0.9660470   0.9678519   0.9690950   0.9680153   0.9700135   0.9692912
0.9700697   0.9721368   0.9665106   0.9688325   0.9684991   0.9665980
0.9684651   0.9713648   0.9712652   0.9690223   0.9745794   0.9698312
0.9677042   0.9687473   0.9677489   0.9676747   0.9656577   0.9650345
0.9650991   0.9636227   0.9650415   0.9632759   0.9633400   0.9611246
0.9535931   0.9551305   0.9565334   0.9558334   0.9524656   0.9514876
0.9546326   0.9541720   0.9544682   0.9529893   0.9508666   0.9519622
0.9552766   0.9534124   0.9578717   0.9521258   0.9511745   0.9477036
0.9478914   0.9472613   0.9453030   0.9483383   0.9475105   0.9484390
0.9461823   0.9453631   0.9467991   0.9464998   0.9463044   0.9504423
0.9522403   0.9495749   0.9543311   0.9516782   0.9505822   0.9534081
0.9515372   0.9540399   0.9522093   0.9520948   0.9528310   0.9532349
0.9505816   0.9516435   0.9496624   0.9514249   0.9534015   0.9522753
0.9551239   0.9542409   0.9512195   0.9545761   0.9514522   0.9522348
0.9521647   0.9539426   0.9484341   0.9551752   0.9561869   0.9549456
0.9537595   0.9516032   0.9466058   0.9429057   0.9450960   0.9405012
0.9400538   0.9461415   0.9440877   0.9467543   0.9447641   0.9443932
0.9503961   0.9494904   0.9520015   0.9518067   0.9443004   0.9457679
0.9461012   0.9404186   0.9414045   0.9432587   0.9405795   0.9405114
0.9401509   0.9405505   0.9416719   0.9453649   0.9448833   0.9435609
0.9443455   0.9490761   0.9407233   0.9375611   0.9389032   0.9398221
0.9409480   0.9397116   0.9419948   0.9417792   0.9412933   0.9409914
0.9389091   0.9398766   0.9396749   0.9445792   0.9392421   0.9369340
0.9352770   0.9430382   0.9429313   0.9469809   0.9479471   0.9490976
0.9480700   0.9475290   0.9544496   0.9535664   0.9454225   0.9454933
0.9457207   0.9491620   0.9490438   0.9486026   0.9459376   0.9464572
0.9470541   0.9443153   0.9434986   0.9427525   0.9451081   0.9437529
0.9480583   0.9480039   0.9496307   0.9475778   0.9488044   0.9516414
0.9509699   0.9550777   0.9536816   0.9569275   0.9567879   0.9583696
0.9561666   0.9549961   0.9523440   0.9527879   0.9518054   0.9517162
0.9483369   0.9477922   0.9520726   0.9482209   0.9526274   0.9526537
0.9504039   0.9477607   0.9474249   0.9500724   0.9545582   0.9533469
0.9506383   0.9464429   0.9446702   0.9419327   0.9417011   0.9370867
0.9369655   0.9363050   0.9375950   0.9340677   0.9389394   0.9398532
0.9408264   0.9422450   0.9385806   0.9366752   0.9373161   0.9447409
0.9377494   0.9467770   0.9501081   0.9490096   0.9525560   0.9551974
0.9540094   0.9542308   0.9530915   0.9518361   0.9520871   0.9474245
0.9460673   0.9460518   0.9449982   0.9331942   0.9316370   0.9469970
0.9411269   0.9368600   0.9381784   0.9344200   0.9362813   0.9385521
0.9378783   0.9333681   0.9415884   0.9459133   0.9468343   0.9464448
0.9495771   0.9479351   0.9456272   0.9441466   0.9465740   0.9387639
0.9388476   0.9411564   0.9445750   0.9456808   0.9453754   0.9452872
0.9442162   0.9445114   0.9416017   0.9413969   0.9430445   0.9423637
0.9428627   0.9423091   0.9395234   0.9405625   0.9422390   0.9408432
0.9409077   0.9367471   0.9382091   0.9373393   0.9364383   0.9407070
0.9428729   0.9438960   0.9428785   0.9455956   0.9464099   0.9470979
0.9479235   0.9507162   0.9446542   0.9454757   0.9457660   0.9459504
0.9495401   0.9482815   0.9485784   0.9541781   0.9573288   0.9555218
0.9566059   0.9552832   0.9549141   0.9560118   0.9518229   0.9566237
0.9560299   0.9538043   0.9551173   0.9535259   0.9531732   0.9530506
0.9538020   0.9521271   0.9489736   0.9490549   0.9510179   0.9493066
0.9488378   0.9536835   0.9501913   0.9493799   0.9494313   0.9539053
0.9501446   0.9521308   0.9517874   0.9428480   0.9412990   0.9368618
0.9357205   0.9406503   0.9440617   0.9484854   0.9460647   0.9418261
0.9415159   0.9440219   0.9419836   0.9436901   0.9467866   0.9512569
0.9469383   0.9568092   0.9584965   0.9525425   0.9530325   0.9552251
0.9571293   0.9592436   0.9570400   0.9546988   0.9496149   0.9511150
0.9514820   0.9514243   0.9545305   0.9523283   0.9493586   0.9437259
0.9459023   0.9460140   0.9472729   0.9504290   0.9497209   0.9447202
0.9455108   0.9446378   0.9448453   0.9476193   0.9472386   0.9476480
0.9474241   0.9522552   0.9540504   0.9565268   0.9533967   0.9523474
0.9532365   0.9532681   0.9550880   0.9594702   0.9595327   0.9643834
0.9593815   0.9567305   0.9622627   0.9629221   0.9640547   0.9655429
0.9643727   0.9620912   0.9584299   0.9577104   0.9578954   0.9579589
0.9526846   0.9489205   0.9437113   0.9450558   0.9434694   0.9420201
0.9403816   0.9412495   0.9406426   0.9426741   0.9440351   0.9442336
0.9440756   0.9409959   0.9426986   0.9489356   0.9533427   0.9502406
0.9525086   0.9536779   0.9531736   0.9537782   0.9587703   0.9550077
0.9532178   0.9539898   0.9545939   0.9528114   0.9552160   0.9559927
0.9534866   0.9542089   0.9557370   0.9580579   0.9509230   0.9470055
0.9499940   0.9495010   0.9488522   0.9462539   0.9473175   0.9504341
0.9509162   0.9514933   0.9535207   0.9494194   0.9525681   0.9517377
0.9586746   0.9590403   0.9604449   0.9621009   0.9641233   0.9654299
0.9716683   0.9767367   0.9784182   0.9714894   0.9710158   0.9785320
0.9801356   0.9761493   0.9761644   0.9706814   0.9669998   0.9682859
0.9684097   0.9683030   0.9683673   0.9652856   0.9626531   0.9675701
0.9642335   0.9607192   0.9519986   0.9500050   0.9495105   0.9525158
0.9512104   0.9483249   0.9523702   0.9511304   0.9524466   0.9490845
0.9477444   0.9443306   0.9427117   0.9437953   0.9463119   0.9476003
0.9519118   0.9484886   0.9492442   0.9490852   0.9528413   0.9477745
0.9456712   0.9451117   0.9420551   0.9493443   0.9485606   0.9511238
0.9501245   0.9535420   0.9574475   0.9566664   0.9536471   0.9525479
0.9549541   0.9469917   0.9481010   0.9503123   0.9496056   0.9513215
0.9514123   0.9522987   0.9554300   0.9585321   0.9552998   0.9616343
0.9585393   0.9585645   0.9517063   0.9509503   0.9505827   0.9510470
0.9488438   0.9451106   0.9385996   0.9445438   0.9433181   0.9428743
0.9436031   0.9533395   0.9514359   0.9540921   0.9570640   0.9618867
0.9662338   0.9673029   0.9667256   0.9674273   0.9635375   0.9642617
0.9601853   0.9593129   0.9626740   0.9655856   0.9604479   0.9592983
0.9581828   0.9587615   0.9569709   0.9591562   0.9636322   0.9576311
0.9556752   0.9629801   0.9596297   0.9598802   0.9579469   0.9562293
0.9558804   0.9575197   0.9574621   0.9575137   0.9541947   0.9533419
0.9494242   0.9502303   0.9577859   0.9552688   0.9553436   0.9569261
0.9559651   0.9588067   0.9586580   0.9596657   0.9594930   0.9621523
0.9672749   0.9613251   0.9622087   0.9653760   0.9632151   0.9602032
0.9661762   0.9673616   0.9609744   0.9630975   0.9630110   0.9651307
0.9690126   0.9667285   0.9638517   0.9681583   0.9679208   0.9694439
0.9719852   0.9732627   0.9682052   0.9663758   0.9573144   0.9564345
0.9576952   0.9583403   0.9515995   0.9604193   0.9613624   0.9591422
0.9589348   0.9594910   0.9584839   0.9586351   0.9592614   0.9569431
0.9551818   0.9514099   0.9471124   0.9478701   0.9492240   0.9539917
0.9538170   0.9475274   0.9473886   0.9494903   0.9581040   0.9541559
0.9543456   0.9548843   0.9540385   0.9536165   0.9536696   0.9528131
0.9495969   0.9507533   0.9509709   0.9502987   0.9516144   0.9619805
0.9562336   0.9561402   0.9567614   0.9547026   0.9540077   0.9540172
0.9530681   0.9518975   0.9482499   0.9535905   0.9523466   0.9543344
0.9564426   0.9567459   0.9526380   0.9514578   0.9507371   0.9489459
0.9488168   0.9511257   0.9550230   0.9611535   0.9609341   0.9601555
0.9584105   0.9561857   0.9563334   0.9528481   0.9491718   0.9511474
0.9509158   0.9530248   0.9538679   0.9526575   0.9571233   0.9569402
0.9565590   0.9576991   0.9580366   0.9595481   0.9574559   0.9592000
0.9598669   0.9586747   0.9667488   0.9653451   0.9668670   0.9649107
0.9691619   0.9689740   0.9693587   0.9665492   0.9687908   0.9628776
0.9582493   0.9555036   0.9578344   0.9582775   0.9579837   0.9571496
0.9617273   0.9611632   0.9602112   0.9667906   0.9653108   0.9659132
0.9646157   0.9643452   0.9627513   0.9622744   0.9604117   0.9602415
0.9612676   0.9612304   0.9603119   0.9576679   0.9558061   0.9596074
0.9585941   0.9625278   0.9582332   0.9595679   0.9583914   0.9613465
0.9557202   0.9543354   0.9542725   0.9590170   0.9580896   0.9557592
0.9561909   0.9528825   0.9519041   0.9545411   0.9520459   0.9565456
0.9585758   0.9619479   0.9620661   0.9592302   0.9577480   0.9574265
0.9597456   0.9525410   0.9495508   0.9502735   0.9482590   0.9508619
0.9474326   0.9491124   0.9482945   0.9484532   0.9471680   0.9531027
0.9570251   0.9590769   0.9625544   0.9635798   0.9638779   0.9677411
0.9651951   0.9627628   0.9680571   0.9621146   0.9626353   0.9587862
0.9557917   0.9557723   0.9500689   0.9494819   0.9499391   0.9470374
0.9491460   0.9475174   0.9475228   0.9484359   0.9467107   0.9474083
0.9483147   0.9507138   0.9486645   0.9506295   0.9466425   0.9429608
0.9449184   0.9483325   0.9456385   0.9442875   0.9485597   0.9456550
0.9474746   0.9523754   0.9519161   0.9521290   0.9498279   0.9525578
0.9563691   0.9585316   0.9579496   0.9583030   0.9534607   0.9516734
0.9508973   0.9520033   0.9520084   0.9520859   0.9494438   0.9486769
0.9468725   0.9472971   0.9456812   0.9460838   0.9480936   0.9476297
0.9486817   0.9494949   0.9493596   0.9532437   0.9494608   0.9501195
0.9459859   0.9461930   0.9456604   0.9414681   0.9466121   0.9475595
0.9500629   0.9465160   0.9464836   0.9467596   0.9477877   0.9533731
0.9521979   0.9554350   0.9529503   0.9529434   0.9544742   0.9550626
0.9571723   0.9589835   0.9582581   0.9575295   0.9581366   0.9551514
0.9561891   0.9548320   0.9550383   0.9548531   0.9575923   0.9546604
0.9584065   0.9570429   0.9575158   0.9594784   0.9560307   0.9547889
0.9599266   0.9572394   0.9618509   0.9595008   0.9618724   0.9613099
0.9616858   0.9623217   0.9649821   0.9658953   0.9656448   0.9640702
0.9623714   0.9625483   0.9662674   0.9645212   0.9700174   0.9652080
0.9663037   0.9626347   0.9608277   0.9647211   0.9632803   0.9658464
0.9640555   0.9664696   0.9611050   0.9614521   0.9665239   0.9651578
0.9690922   0.9689078   0.9681562   0.9659533   0.9661074   0.9687145
0.9674662   0.9748447   0.9689745   0.9723070   0.9731259   0.9714552
0.9695129   0.9678950   0.9670604   0.9663687   0.9644890   0.9614624
0.9600523   0.9562942   0.9556741   0.9552378   0.9499482   0.9513999
0.9497340   0.9523574   0.9499825   0.9529977   0.9504095   0.9530932
0.9531300   0.9539877   0.9545600   0.9485525   0.9488756   0.9559324
0.9586492   0.9615187   0.9513530   0.9558943   0.9556477   0.9552701
0.9628161   0.9603541   0.9611600   0.9613620   0.9565818   0.9555720
0.9623338   0.9693387   0.9658837   0.9647823   0.9620848   0.9604381
0.9607290   0.9602179   0.9581863   0.9639736   0.9676925   0.9712207
0.9677507   0.9721269   0.9683593   0.9720038   0.9665260   0.9642472
0.9647368   0.9649224   0.9617352   0.9694830   0.9664706   0.9699847
0.9681294   0.9674547   0.9684611   0.9699076   0.9656824   0.9732548
0.9793407   0.9776622   0.9802193   0.9815411   0.9832891   0.9817335
0.9842857   0.9776631   0.9770252   0.9762566   0.9740514   0.9799716
0.9746624   0.9756229   0.9731389   0.9730929   0.9686456   0.9734747
0.9693696   0.9685121   0.9616322   0.9638400   0.9662863   0.9613806
0.9614896   0.9621571   0.9590472   0.9605709   0.9611329   0.9633390
0.9607707   0.9596202   0.9576760   0.9576461   0.9594965   0.9590389
0.9657740   0.9584713   0.9589400   0.9558771   0.9652490   0.9661609
0.9649820   0.9643002   0.9605533   0.9603313   0.9622635   0.9573315
0.9559123   0.9609417   0.9579196   0.9613408   0.9600449   0.9605601
0.9644650   0.9639063   0.9598266   0.9612222   0.9619819   0.9626629
0.9585554   0.9537239   0.9515329   0.9517307   0.9564586   0.9551513
0.9558741   0.9552091   0.9546128   0.9545975   0.9532394   0.9503486
0.9477740   0.9506632   0.9513912   0.9523883   0.9511937   0.9601631
0.9647704   0.9669594   0.9644610   0.9610672   0.9587839   0.9576483
0.9595070   0.9606109   0.9627592   0.9626587   0.9627341   0.9699050
0.9700154   0.9677193   0.9660057   0.9662114   0.9692158   0.9671400
0.9686455   0.9693422   0.9700590   0.9697743   0.9741594   0.9743598
0.9784246   0.9760962   0.9770370   0.9720958   0.9701360   0.9704432
0.9705153   0.9689610   0.9681841   0.9722067   0.9644302   0.9637650
0.9630705   0.9655558   0.9622521   0.9631441   0.9638663   0.9635198
0.9665519   0.9644306   0.9660435   0.9666044   0.9591163   0.9590032
0.9643212   0.9641968   0.9735037   0.9707241   0.9638597   0.9644812
0.9656205   0.9727927   0.9726391   0.9697561   0.9688925   0.9651923
0.9621980   0.9662590   0.9615098   0.9637996   0.9637834   0.9649636
0.9664383   0.9697433   0.9677624   0.9685798   0.9671411   0.9698764
0.9696778   0.9699405   0.9711021   0.9707746   0.9711856   0.9708692
0.9669516   0.9678958   0.9676142   0.9649553   0.9617911   0.9562043
0.9580473   0.9590638   0.9582341   0.9617932   0.9608951   0.9618898
0.9590474   0.9602140   0.9614331   0.9613218   0.9620143   0.9610689
0.9631620   0.9642757   0.9621820   0.9628959   0.9614584   0.9574048
0.9619607   0.9595706   0.9559928   0.9542677   0.9552278   0.9564777
0.9556739   0.9556340   0.9491992   0.9537102   0.9559009   0.9547969
0.9555557   0.9537537   0.9555954   0.9552252   0.9564949   0.9562031
0.9528206   0.9491875   0.9492923   0.9515209   0.9513879   0.9543348
0.9530872   0.9571685   0.9525769   0.9527220   0.9505088   0.9502584
0.9501886   0.9520638   0.9520297   0.9559170   0.9537804   0.9499366
0.9572644   0.9599912   0.9538046   0.9522951   0.9520346   0.9506731
0.9513193   0.9561200   0.9553902   0.9554842   0.9600017   0.9536971
0.9554032   0.9549533   0.9522963   0.9555655   0.9541702   0.9539152
0.9533911   0.9529277   0.9538282   0.9525715   0.9525304   0.9529617
0.9534138   0.9577138   0.9546341   0.9538972   0.9542942   0.9523474
0.9548805   0.9606970   0.9584374   0.9535565   0.9614264   0.9586122
0.9640993   0.9590610   0.9637713   0.9629439   0.9681789   0.9661532
0.9693050   0.9689176   0.9710560   0.9703594   0.9726584   0.9715197
0.9692210   0.9624222   0.9623109   0.9619515   0.9620744   0.9602178
0.9611545   0.9614901   0.9702498   0.9659123   0.9708411   0.9679343
0.9696033   0.9659451   0.9665526   0.9667820   0.9658858   0.9638193
0.9699081   0.9674923   0.9618349   0.9546718   0.9549830   0.9539547
0.9562124   0.9554422   0.9578051   0.9588902   0.9622715   0.9675258
0.9731256   0.9761552   0.9765826   0.9770840   0.9773332   0.9764338
0.9750758   0.9679584   0.9632828   0.9636164   0.9650876   0.9672457
0.9617381   0.9586269   0.9573870   0.9528553   0.9569289   0.9496985
0.9438640   0.9468395   0.9484610   0.9456915   0.9482518   0.9476737
0.9500503   0.9494415   0.9504325   0.9458246   0.9469268   0.9563741
0.9494334   0.9493910   0.9520853   0.9541798   0.9531960   0.9525697
0.9515710   0.9510260   0.9548672   0.9567830   0.9590337   0.9592265
0.9582163   0.9573328   0.9615620   0.9635297   0.9650852   0.9674613
0.9666511   0.9638894   0.9661499   0.9697228   0.9668983   0.9662015
0.9637171   0.9661665   0.9638486   0.9563610   0.9562658   0.9567719
0.9563396   0.9553436   0.9612815   0.9608551   0.9584900   0.9538692
0.9528750   0.9466367   0.9460092   0.9456790   0.9450440   0.9421449
0.9418476   0.9419533   0.9407689   0.9414150   0.9403111   0.9369718
0.9362784   0.9390856   0.9393588   0.9426735   0.9455942   0.9483708
0.9481330   0.9525239   0.9517586   0.9519690   0.9478660   0.9497311
0.9524924   0.9500085   0.9539757   0.9574505   0.9577401   0.9498704
0.9546458   0.9513148   0.9528879   0.9524725   0.9514289   0.9506412
0.9484490   0.9509444   0.9525270   0.9552979   0.9513752   0.9553048
0.9481263   0.9508376   0.9456051   0.9451154   0.9443502   0.9458310
0.9414302   0.9406581   0.9402466   0.9447180   0.9466712   0.9520018
0.9520975   0.9476724   0.9456617   0.9453667   0.9393382   0.9431653
0.9466295   0.9467689   0.9493090   0.9469667   0.9516232   0.9474456
0.9521050   0.9513596   0.9543050   0.9562077   0.9536042   0.9504695
0.9537579   0.9522459   0.9499379   0.9478626   0.9485359   0.9498645
0.9491733   0.9471654   0.9471072   0.9483087   0.9458739   0.9473338
0.9456128   0.9458154   0.9445314   0.9452905   0.9429754   0.9456762
0.9434682   0.9445550   0.9450104   0.9422782   0.9439744   0.9448088
0.9456613   0.9493273   0.9458038   0.9462751   0.9478330   0.9521305
0.9514419   0.9597508   0.9520523   0.9531045   0.9499302   0.9505479
0.9454550   0.9421278   0.9446764   0.9399726   0.9423167   0.9478104
0.9472758   0.9475743   0.9471030   0.9506279   0.9489301   0.9541571
0.9586560   0.9569192   0.9553349   0.9546960   0.9571164   0.9560387
0.9572957   0.9517248   0.9589294   0.9551154   0.9570755   0.9543369
0.9564277   0.9562974   0.9560236   0.9560216   0.9488631   0.9484850
0.9530935   0.9538026   0.9529427   0.9523939   0.9542827   0.9544317
0.9563869   0.9478593   0.9425726   0.9408164   0.9461459   0.9460479
0.9454796   0.9435030   0.9475784   0.9490402   0.9485852   0.9449513
0.9531352   0.9504138   0.9576305   0.9528915   0.9513840   0.9574912
0.9543147   0.9555747   0.9580713   0.9587638   0.9597888   0.9610529
0.9588375   0.9586504   0.9630251   0.9678695   0.9678021   0.9654566
0.9642323   0.9575599   0.9514924   0.9553774   0.9573576   0.9591358
0.9643066   0.9642991   0.9624630   0.9580072   0.9600877   0.9555663
0.9555168   0.9548605   0.9534870   0.9516676   0.9568850   0.9571483
0.9505906   0.9558350   0.9483073   0.9482630   0.9486949   0.9478271
0.9468016   0.9519701   0.9473632   0.9508256   0.9515629   0.9516269
0.9469351   0.9451609   0.9426552   0.9426363   0.9421863   0.9366616
0.9436528   0.9463531   0.9416173   0.9425081   0.9527897   0.9534292
0.9494959   0.9504497   0.9484099   0.9472289   0.9494851   0.9487256
0.9452857   0.9460586   0.9466492   0.9458626   0.9480055   0.9477116
0.9496394   0.9545703   0.9558483   0.9598497   0.9601073   0.9637936
0.9641222   0.9636912   0.9634828   0.9680937   0.9636888   0.9628263
0.9642100   0.9627534   0.9627975   0.9600560   0.9605700   0.9558071
0.9540062   0.9538755   0.9544496   0.9516650   0.9589599   0.9557940
0.9572061   0.9596561   0.9574885   0.9576889   0.9569184   0.9572702
0.9539676   0.9596062   0.9568468   0.9562609   0.9542098   0.9505056
0.9519611   0.9499739   0.9493607   0.9534410   0.9586252   0.9560416
0.9546536   0.9511247   0.9522920   0.9505674   0.9491542   0.9512845
0.9558375   0.9538308   0.9558522   0.9576219   0.9599605   0.9591390
0.9621771   0.9613779   0.9624004   0.9609097   0.9641947   0.9595299
0.9597291   0.9565526   0.9563368   0.9539327   0.9548457   0.9578630
0.9562748   0.9516993   0.9514462   0.9516815   0.9511731   0.9487583
0.9455200   0.9497649   0.9496662   0.9491735   0.9481864   0.9488728
0.9525753   0.9523032   0.9557726   0.9586142   0.9582639   0.9557945
0.9535333   0.9516819   0.9516302   0.9518437   0.9578283   0.9572659
0.9483062   0.9471652   0.9444126   0.9430407   0.9449867   0.9500563
0.9466317   0.9508078   0.9510638   0.9535552   0.9490725   0.9524250
0.9543268   0.9530059   0.9527978   0.9532084   0.9601962   0.9586495
0.9510880   0.9524013   0.9541374   0.9547318   0.9542701   0.9521824
0.9506159   0.9571342   0.9590245   0.9611935   0.9607220   0.9572983
0.9579888   0.9615018   0.9635131   0.9593920   0.9599132   0.9607584
0.9621134   0.9630571   0.9601630   0.9593891   0.9583353   0.9594510
0.9583681   0.9559597   0.9562923   0.9560459   0.9617554   0.9611144
0.9605698   0.9613350   0.9614080   0.9608359   0.9629143   0.9642227
0.9692016   0.9692981   0.9671082   0.9650934   0.9625847   0.9645167
0.9646977   0.9663311   0.9631798   0.9665220   0.9685915   0.9685119
0.9665661   0.9629903   0.9618150   0.9604347   0.9626917   0.9629610
0.9659517   0.9618116   0.9598060   0.9635900   0.9607464   0.9649498
0.9647429   0.9650460   0.9646343   0.9651951   0.9575717   0.9548776
0.9507908   0.9505464   0.9459871   0.9538421   0.9564876   0.9592294
0.9579899   0.9593209   0.9597136   0.9568879   0.9586159   0.9565026
0.9570955   0.9538257   0.9492642   0.9514793   0.9536082   0.9511922
0.9508228   0.9506124   0.9504392   0.9477760   0.9491456   0.9515531
0.9505014   0.9480694   0.9485602   0.9530215   0.9576251   0.9550764
0.9534083   0.9565322   0.9564939   0.9549036   0.9608708   0.9574426
0.9535727   0.9588891   0.9537989   0.9557947   0.9579304   0.9604393
0.9611717   0.9643345   0.9601927   0.9609415   0.9620959   0.9588302
0.9577926   0.9628125   0.9596450   0.9630215   0.9614020   0.9621047
0.9691863   0.9621135   0.9609962   0.9607844   0.9651882   0.9648696
0.9615555   0.9607225   0.9613431   0.9632681   0.9650964   0.9728101
0.9737774   0.9707765   0.9762329   0.9777015   0.9782110   0.9795024
0.9869291   0.9817556   0.9840829   0.9815719   0.9825149   0.9810200
0.9809299   0.9772180   0.9771606   0.9719851   0.9651897   0.9689754
0.9704885   0.9718220   0.9706477   0.9746917   0.9716737   0.9708324
0.9730934   0.9746226   0.9742848   0.9719259   0.9695629   0.9628831
0.9640957   0.9685867   0.9680603   0.9691231   0.9691717   0.9688219
0.9665107   0.9616994   0.9614101   0.9586058   0.9644622   0.9640838
0.9676357   0.9671407   0.9662807   0.9656711   0.9701441   0.9689739
0.9703449   0.9737104   0.9724923   0.9736659   0.9792543   0.9753191
0.9753087   0.9820146   0.9792453   0.9863479   0.9850301   0.9858863
0.9886154   0.9903813   0.9905118   0.9910532   0.9915974   0.9898673
0.9868376   0.9805970   0.9767242   0.9755172   0.9761634   0.9765102
0.9769103   0.9726009   0.9711151   0.9695189   0.9635032   0.9672110
0.9683768   0.9660905   0.9637013   0.9634374   0.9683197   0.9665036
0.9654009   0.9645975   0.9668178   0.9658828   0.9655597   0.9635052
0.9609471   0.9620949   0.9632047   0.9638372   0.9648571   0.9623343
0.9618531   0.9604744   0.9596369   0.9562847   0.9543740   0.9551289
0.9579536   0.9571198   0.9579923   0.9564945   0.9565721   0.9546383
0.9542437   0.9539328   0.9555776   0.9554491   0.9538806   0.9530700
0.9564684   0.9557758   0.9556606   0.9547876   0.9522762   0.9521970
0.9508074   0.9506674   0.9535206   0.9532563   0.9562424   0.9595667
