                 e0          er           gf          gi         rf         ri
   [1,]   0.2324080   0.2324080   0.04384440   0.4941554   5.449999   2.664799
   [2,]   0.2306373   0.2306373   0.03233636   0.4840343   6.930813   2.621949
   [3,]   0.2334940   0.2334940   0.03484756   0.3917237   6.373998   2.962848
   [4,]   0.2327550   0.2327550   0.03737498   0.4632846   6.128616   2.683177
   [5,]   0.2324453   0.2324453   0.04939863   0.5131472   5.021821   2.604215
   [6,]   0.2337831   0.2337831   0.04253442   0.4996561   5.547342   2.670997
   [7,]   0.2330050   0.2330050   0.03716622   0.4568320   6.163033   2.757376
   [8,]   0.2342826   0.2342826   0.03444899   0.3864108   6.425247   3.058708
   [9,]   0.2328327   0.2328327   0.04199737   0.4815308   5.576886   2.694156
  [10,]   0.2360058   0.2360058   0.03577017   0.3695343   6.042518   3.103982
  [11,]   0.2337176   0.2337176   0.03440208   0.3772424   6.432044   2.984707
  [12,]   0.2347570   0.2347570   0.03366034   0.3833162   6.432697   3.015636
  [13,]   0.2330256   0.2330256   0.04298551   0.5021204   5.530003   2.642345
  [14,]   0.2352240   0.2352240   0.03695379   0.3762358   5.976060   3.099214
  [15,]   0.2323076   0.2323076   0.04877364   0.5205787   4.991195   2.592644
  [16,]   0.2326822   0.2326822   0.03408143   0.4912171   6.629429   2.632994
  [17,]   0.2341465   0.2341465   0.03484008   0.3916357   6.372088   2.964349
  [18,]   0.2322051   0.2322051   0.04417403   0.5058206   5.468988   2.634827
  [19,]   0.2342413   0.2342413   0.04761930   0.5223856   5.124551   2.588944
  [20,]   0.2318351   0.2318351   0.03001025   0.4993403   7.406866   2.647316
  [21,]   0.2320037   0.2320037   0.03094313   0.5026443   7.160139   2.626884
  [22,]   0.2315174   0.2315174   0.03032888   0.5027593   7.317906   2.634898
  [23,]   0.2338937   0.2338937   0.04259746   0.4884607   5.437448   2.677126
  [24,]   0.2351057   0.2351057   0.04206892   0.4929286   5.521046   2.656984
  [25,]   0.2326185   0.2326185   0.04873612   0.5044342   5.056215   2.614973
  [26,]   0.2332634   0.2332634   0.03547147   0.3950958   6.428744   2.964460
  [27,]   0.2308399   0.2308399   0.03237205   0.4938304   6.972695   2.637511
  [28,]   0.2328028   0.2328028   0.04331314   0.4870239   5.457387   2.681857
  [29,]   0.2329787   0.2329787   0.03218476   0.4930623   6.873931   2.641249
  [30,]   0.2331281   0.2331281   0.04340784   0.5095471   5.472807   2.628103
  [31,]   0.2327475   0.2327475   0.03546079   0.4538822   6.294608   2.750899
  [32,]   0.2315775   0.2315775   0.03721505   0.4609513   6.056674   2.704092
  [33,]   0.2324034   0.2324034   0.04781033   0.5262355   5.215474   2.609850
  [34,]   0.2318705   0.2318705   0.03110270   0.5031267   7.132310   2.633036
  [35,]   0.2319516   0.2319516   0.04325320   0.5011660   5.475745   2.631982
  [36,]   0.2319217   0.2319217   0.03722476   0.4606446   6.084597   2.709402
  [37,]   0.2339443   0.2339443   0.04859501   0.4975455   5.079512   2.639809
  [38,]   0.2322910   0.2322910   0.03583758   0.4575819   6.286791   2.750458
  [39,]   0.2329085   0.2329085   0.03297278   0.3809462   6.750946   2.999496
  [40,]   0.2328022   0.2328022   0.04925025   0.5120333   5.021133   2.614727
  [41,]   0.2355722   0.2355722   0.03495031   0.3511926   6.169873   3.121431
  [42,]   0.2326558   0.2326558   0.04703883   0.5217148   5.187245   2.601816
  [43,]   0.2317419   0.2317419   0.03268644   0.4881504   6.863444   2.654395
  [44,]   0.2336025   0.2336025   0.04297793   0.4892834   5.435198   2.673569
  [45,]   0.2332438   0.2332438   0.03361831   0.4869989   6.675676   2.652758
  [46,]   0.2318993   0.2318993   0.03517261   0.4873262   6.446202   2.659922
  [47,]   0.2320704   0.2320704   0.04301970   0.4934893   5.503985   2.672194
  [48,]   0.2344087   0.2344087   0.03341306   0.3927089   6.558513   2.970908
  [49,]   0.2335914   0.2335914   0.04269112   0.4881459   5.508757   2.679735
  [50,]   0.2342758   0.2342758   0.04309895   0.4968584   5.445884   2.694022
  [51,]   0.2316306   0.2316306   0.03587823   0.4527593   6.315390   2.768210
  [52,]   0.2333513   0.2333513   0.04175337   0.4870188   5.584143   2.688697
  [53,]   0.2325906   0.2325906   0.04941047   0.5177019   5.004284   2.598523
  [54,]   0.2319598   0.2319598   0.04558422   0.5056055   5.313987   2.606280
  [55,]   0.2334756   0.2334756   0.03457647   0.3780347   6.419642   3.017668
  [56,]   0.2316702   0.2316702   0.03251016   0.4854697   6.906310   2.615309
  [57,]   0.2331647   0.2331647   0.04263041   0.4957425   5.573010   2.685113
  [58,]   0.2325799   0.2325799   0.03352045   0.4884722   6.686112   2.644044
  [59,]   0.2361814   0.2361814   0.03755451   0.3670459   5.994586   3.153793
  [60,]   0.2334953   0.2334953   0.04369812   0.5140202   5.427976   2.655618
  [61,]   0.2331155   0.2331155   0.03482396   0.3905245   6.373276   2.962201
  [62,]   0.2318180   0.2318180   0.03034129   0.5025675   7.280427   2.634901
  [63,]   0.2333068   0.2333068   0.04298128   0.4831297   5.446620   2.691592
  [64,]   0.2329508   0.2329508   0.04910328   0.5085846   5.026681   2.610369
  [65,]   0.2355427   0.2355427   0.03583636   0.3642159   6.132481   3.096150
  [66,]   0.2337687   0.2337687   0.04131792   0.4846156   5.639399   2.683074
  [67,]   0.2325415   0.2325415   0.03250532   0.4837861   6.975502   2.663125
  [68,]   0.2346027   0.2346027   0.03686814   0.3711793   6.055734   3.056744
  [69,]   0.2330426   0.2330426   0.04747187   0.5270730   5.208202   2.606645
  [70,]   0.2328681   0.2328681   0.04311277   0.4843103   5.435267   2.685523
  [71,]   0.2346002   0.2346002   0.03429657   0.3945900   6.461618   2.977772
  [72,]   0.2315347   0.2315347   0.03574039   0.4703133   6.407696   2.668123
  [73,]   0.2323183   0.2323183   0.04911950   0.5078796   5.018147   2.601587
  [74,]   0.2322707   0.2322707   0.03667139   0.4674831   6.172000   2.664235
  [75,]   0.2339389   0.2339389   0.03341046   0.3904678   6.554932   2.974913
  [76,]   0.2350049   0.2350049   0.03368654   0.3830560   6.509494   3.011947
  [77,]   0.2323020   0.2323020   0.03754090   0.4597961   6.191365   2.726574
  [78,]   0.2308677   0.2308677   0.03054628   0.4890447   7.424113   2.657074
  [79,]   0.2332453   0.2332453   0.04378995   0.5073598   5.427096   2.658135
  [80,]   0.2319101   0.2319101   0.04696932   0.5093211   5.251626   2.603561
  [81,]   0.2326710   0.2326710   0.02963910   0.4826379   7.376370   2.668727
  [82,]   0.2329815   0.2329815   0.03296175   0.3819884   6.755682   3.001602
  [83,]   0.2319840   0.2319840   0.04340944   0.5072615   5.485626   2.617428
  [84,]   0.2316694   0.2316694   0.03257381   0.4855850   6.961579   2.656641
  [85,]   0.2370772   0.2370772   0.03734232   0.3749551   5.939356   3.078823
  [86,]   0.2333079   0.2333079   0.03309604   0.3815210   6.686942   2.987898
  [87,]   0.2335861   0.2335861   0.04739658   0.5205416   5.130088   2.590838
  [88,]   0.2326493   0.2326493   0.03235800   0.5017862   6.975011   2.623331
  [89,]   0.2342680   0.2342680   0.03311995   0.3838377   6.647516   2.981388
  [90,]   0.2321258   0.2321258   0.03201858   0.4774519   6.973905   2.672497
  [91,]   0.2331679   0.2331679   0.04734378   0.5231360   5.107883   2.579588
  [92,]   0.2325566   0.2325566   0.02931979   0.4812969   7.464744   2.681143
  [93,]   0.2319510   0.2319510   0.03590641   0.4565214   6.308877   2.755351
  [94,]   0.2330067   0.2330067   0.04311565   0.5037779   5.469411   2.629082
  [95,]   0.2331231   0.2331231   0.04897784   0.5173240   5.063182   2.607582
  [96,]   0.2349253   0.2349253   0.03585230   0.3698039   6.085446   3.032778
  [97,]   0.2338379   0.2338379   0.03553695   0.3499613   6.066259   3.111741
  [98,]   0.2310825   0.2310825   0.03167859   0.5069375   7.031630   2.588034
  [99,]   0.2310001   0.2310001   0.03186175   0.4764020   6.972154   2.656958
 [100,]   0.2331595   0.2331595   0.02947926   0.4833955   7.437621   2.682212
 [101,]   0.2315726   0.2315726   0.04413344   0.5021711   5.431588   2.607083
 [102,]   0.2317594   0.2317594   0.03499839   0.3953294   6.439607   2.952317
 [103,]   0.2348274   0.2348274   0.03547727   0.3768214   6.163056   3.073281
 [104,]   0.2359299   0.2359299   0.03560950   0.3613672   6.096496   3.093719
 [105,]   0.2310711   0.2310711   0.04844032   0.5217898   5.139450   2.600201
 [106,]   0.2354825   0.2354825   0.03563873   0.3776272   6.118231   3.065822
 [107,]   0.2328803   0.2328803   0.04159208   0.4860776   5.587762   2.692568
 [108,]   0.2345981   0.2345981   0.03441593   0.3509243   6.366636   3.089171
 [109,]   0.2323998   0.2323998   0.04932251   0.5139676   5.023790   2.600370
 [110,]   0.2311372   0.2311372   0.04445682   0.5029149   5.344734   2.593363
 [111,]   0.2345074   0.2345074   0.04207982   0.4908455   5.554554   2.697237
 [112,]   0.2329684   0.2329684   0.03405119   0.4834144   6.590856   2.682263
 [113,]   0.2351129   0.2351129   0.03748842   0.3693450   5.877760   3.124742
 [114,]   0.2329305   0.2329305   0.04267423   0.5019083   5.485640   2.617647
 [115,]   0.2313236   0.2313236   0.03236317   0.4902926   6.866117   2.626308
 [116,]   0.2349298   0.2349298   0.03279771   0.3859987   6.522256   3.024430
 [117,]   0.2342927   0.2342927   0.03413166   0.3720321   6.446086   3.025698
 [118,]   0.2315864   0.2315864   0.03545274   0.4753701   6.433798   2.679801
 [119,]   0.2329243   0.2329243   0.03498347   0.4888215   6.430435   2.661953
 [120,]   0.2342795   0.2342795   0.03458549   0.3737839   6.390325   3.035163
 [121,]   0.2326065   0.2326065   0.03711326   0.4696797   6.235230   2.721531
 [122,]   0.2367162   0.2367162   0.03701932   0.3712724   5.994313   3.084631
 [123,]   0.2331348   0.2331348   0.04246154   0.4935355   5.575427   2.683097
 [124,]   0.2347555   0.2347555   0.03553256   0.3743308   6.138393   3.069953
 [125,]   0.2342736   0.2342736   0.04212768   0.4898790   5.533246   2.692662
 [126,]   0.2329155   0.2329155   0.03467767   0.3774065   6.381488   3.014619
 [127,]   0.2322592   0.2322592   0.04711588   0.5233333   5.208623   2.609521
 [128,]   0.2323081   0.2323081   0.03628687   0.4573705   6.305103   2.748634
 [129,]   0.2326050   0.2326050   0.03743237   0.4628833   6.194858   2.735727
 [130,]   0.2320386   0.2320386   0.04675719   0.5132277   5.234444   2.584044
 [131,]   0.2327005   0.2327005   0.04296782   0.4937950   5.535713   2.690285
 [132,]   0.2332718   0.2332718   0.03533957   0.4565144   6.293447   2.733309
 [133,]   0.2322590   0.2322590   0.04366974   0.4851333   5.425934   2.690622
 [134,]   0.2351640   0.2351640   0.03254014   0.3841486   6.601307   3.002898
 [135,]   0.2309243   0.2309243   0.02990153   0.4932981   7.484896   2.649146
 [136,]   0.2330197   0.2330197   0.04280197   0.4918126   5.596463   2.703218
 [137,]   0.2346818   0.2346818   0.03241120   0.3897982   6.605561   2.995607
 [138,]   0.2313920   0.2313920   0.03306094   0.4861533   6.913866   2.661714
 [139,]   0.2372694   0.2372694   0.03762801   0.3642665   5.868629   3.132664
 [140,]   0.2336801   0.2336801   0.03535191   0.3533353   6.178668   3.101561
 [141,]   0.2341753   0.2341753   0.04310328   0.4985740   5.412374   2.662190
 [142,]   0.2322528   0.2322528   0.03353326   0.4875561   6.721481   2.650418
 [143,]   0.2340338   0.2340338   0.03667256   0.3708520   6.070780   3.044147
 [144,]   0.2328014   0.2328014   0.04920029   0.5100068   5.011681   2.608074
 [145,]   0.2327846   0.2327846   0.04397350   0.5051261   5.473705   2.634787
 [146,]   0.2322673   0.2322673   0.03138414   0.4911581   7.078221   2.672550
 [147,]   0.2310736   0.2310736   0.03173060   0.5075472   7.029655   2.590646
 [148,]   0.2345148   0.2345148   0.03290139   0.3850884   6.717306   3.000344
 [149,]   0.2334200   0.2334200   0.03480197   0.3768418   6.428929   2.996183
 [150,]   0.2318021   0.2318021   0.03598863   0.4707545   6.389094   2.662824
 [151,]   0.2310843   0.2310843   0.03243339   0.4923913   6.983280   2.650826
 [152,]   0.2340789   0.2340789   0.04747565   0.5232370   5.118315   2.587343
 [153,]   0.2336557   0.2336557   0.03417038   0.3771027   6.470672   3.002497
 [154,]   0.2332925   0.2332925   0.04261240   0.4942838   5.579513   2.697035
 [155,]   0.2350558   0.2350558   0.03615745   0.3662391   6.149589   3.097785
 [156,]   0.2355317   0.2355317   0.03606115   0.3789975   6.091788   3.076480
 [157,]   0.2327307   0.2327307   0.03678686   0.4580084   6.247171   2.761264
 [158,]   0.2330446   0.2330446   0.04252451   0.4921975   5.528295   2.686845
 [159,]   0.2321045   0.2321045   0.03599213   0.4668379   6.357732   2.672880
 [160,]   0.2340205   0.2340205   0.03451182   0.3719113   6.390442   3.044083
 [161,]   0.2327863   0.2327863   0.03520173   0.4872595   6.461709   2.659016
 [162,]   0.2333600   0.2333600   0.02962892   0.4850576   7.401302   2.668423
 [163,]   0.2365048   0.2365048   0.03722749   0.3714019   5.852776   3.126548
 [164,]   0.2342088   0.2342088   0.03256309   0.3838069   6.617172   3.011826
 [165,]   0.2315889   0.2315889   0.03226785   0.5057379   6.974024   2.601558
 [166,]   0.2326487   0.2326487   0.03694511   0.4696394   6.268305   2.719148
 [167,]   0.2338816   0.2338816   0.04243273   0.5055771   5.468737   2.631325
 [168,]   0.2338525   0.2338525   0.03468911   0.3557593   6.259069   3.108379
 [169,]   0.2357878   0.2357878   0.03679586   0.3772696   5.960172   3.091428
 [170,]   0.2362589   0.2362589   0.03306692   0.3940453   6.507847   3.009525
 [171,]   0.2321765   0.2321765   0.03170894   0.5066933   7.107708   2.613893
 [172,]   0.2321491   0.2321491   0.03378098   0.4891992   6.681520   2.662903
 [173,]   0.2339653   0.2339653   0.03681869   0.3695874   6.060046   3.061594
 [174,]   0.2320349   0.2320349   0.04293096   0.4939797   5.498821   2.688535
 [175,]   0.2322527   0.2322527   0.03151579   0.4925799   7.094477   2.663688
 [176,]   0.2322399   0.2322399   0.04383748   0.4943110   5.512589   2.682669
 [177,]   0.2320242   0.2320242   0.03314206   0.5012925   6.803428   2.617582
 [178,]   0.2321636   0.2321636   0.03395187   0.4803134   6.543068   2.680466
 [179,]   0.2307088   0.2307088   0.03668109   0.4660772   6.188655   2.669534
 [180,]   0.2356475   0.2356475   0.03259817   0.3881318   6.457477   2.967335
 [181,]   0.2364718   0.2364718   0.03674467   0.3773871   6.024208   3.097436
 [182,]   0.2329025   0.2329025   0.04162149   0.4880143   5.577045   2.684779
 [183,]   0.2351609   0.2351609   0.03342396   0.3884099   6.364150   2.956565
 [184,]   0.2319178   0.2319178   0.04923351   0.5054288   4.996877   2.610477
 [185,]   0.2321409   0.2321409   0.04674329   0.5152885   5.226854   2.586422
 [186,]   0.2323085   0.2323085   0.02960042   0.4956219   7.471880   2.637991
 [187,]   0.2350134   0.2350134   0.03345585   0.3813091   6.505395   3.017581
 [188,]   0.2332879   0.2332879   0.04234083   0.5002540   5.557114   2.671247
 [189,]   0.2330175   0.2330175   0.04254579   0.5049401   5.525217   2.633909
 [190,]   0.2329989   0.2329989   0.03450137   0.3770182   6.395342   3.004485
 [191,]   0.2310656   0.2310656   0.03249177   0.4919338   6.930526   2.654963
 [192,]   0.2370255   0.2370255   0.03547827   0.3711961   6.114677   3.100979
 [193,]   0.2318305   0.2318305   0.04869774   0.5184102   5.055838   2.588650
 [194,]   0.2303965   0.2303965   0.04867957   0.5236169   5.121154   2.601109
 [195,]   0.2325283   0.2325283   0.03059621   0.5052701   7.316092   2.633653
 [196,]   0.2328843   0.2328843   0.03293395   0.3815714   6.754636   2.999013
 [197,]   0.2320530   0.2320530   0.03555617   0.4562042   6.315131   2.742664
 [198,]   0.2349481   0.2349481   0.03539763   0.3587837   6.208299   3.106226
 [199,]   0.2338619   0.2338619   0.04279330   0.4952007   5.452318   2.661406
 [200,]   0.2331455   0.2331455   0.04886467   0.5212589   5.024969   2.591711
 [201,]   0.2329932   0.2329932   0.03203066   0.4917608   6.880926   2.641619
 [202,]   0.2330410   0.2330410   0.04332474   0.5004592   5.545516   2.654978
 [203,]   0.2350756   0.2350756   0.03530781   0.3721224   6.201650   3.059134
 [204,]   0.2324117   0.2324117   0.03697356   0.4542921   6.158560   2.768412
 [205,]   0.2312279   0.2312279   0.03218939   0.4826804   6.972719   2.658228
 [206,]   0.2349242   0.2349242   0.03430400   0.3513549   6.329273   3.132161
 [207,]   0.2343133   0.2343133   0.03419089   0.3873351   6.492806   2.974324
 [208,]   0.2323933   0.2323933   0.03511036   0.4718747   6.364612   2.674065
 [209,]   0.2330497   0.2330497   0.04313632   0.5036407   5.430342   2.613865
 [210,]   0.2356471   0.2356471   0.03712086   0.3764764   5.958906   3.102092
 [211,]   0.2314058   0.2314058   0.03302194   0.4900839   6.800303   2.647496
 [212,]   0.2316915   0.2316915   0.04386779   0.4996344   5.480041   2.658497
 [213,]   0.2355509   0.2355509   0.03587828   0.3599665   6.079032   3.090122
 [214,]   0.2328246   0.2328246   0.03229179   0.5030105   7.031230   2.624250
 [215,]   0.2327749   0.2327749   0.03545617   0.4616558   6.332404   2.726507
 [216,]   0.2325465   0.2325465   0.04261824   0.4897727   5.479093   2.670431
 [217,]   0.2347653   0.2347653   0.03572936   0.3707498   6.174130   3.063899
 [218,]   0.2346738   0.2346738   0.04322054   0.4862990   5.412507   2.680395
 [219,]   0.2329109   0.2329109   0.03439991   0.3772223   6.403529   2.997787
 [220,]   0.2322699   0.2322699   0.03388527   0.4786614   6.545027   2.671589
 [221,]   0.2314378   0.2314378   0.04898560   0.5114457   4.995352   2.595949
 [222,]   0.2307036   0.2307036   0.03092699   0.5067172   7.321414   2.618256
 [223,]   0.2325604   0.2325604   0.04897274   0.5103024   5.022081   2.603858
 [224,]   0.2302318   0.2302318   0.03135104   0.5073620   7.323999   2.623983
 [225,]   0.2316718   0.2316718   0.03513024   0.4710365   6.415999   2.687430
 [226,]   0.2330759   0.2330759   0.04143088   0.4875540   5.638069   2.685160
 [227,]   0.2355603   0.2355603   0.03565029   0.3727136   6.040336   3.080891
 [228,]   0.2342090   0.2342090   0.03284045   0.3837430   6.759132   3.009599
 [229,]   0.2349396   0.2349396   0.03678552   0.3758620   6.002888   3.102709
 [230,]   0.2345343   0.2345343   0.04173442   0.4899356   5.575497   2.684197
 [231,]   0.2333945   0.2333945   0.03466126   0.3763170   6.473261   3.006604
 [232,]   0.2327687   0.2327687   0.04357146   0.5090223   5.472363   2.625060
 [233,]   0.2330865   0.2330865   0.04414300   0.5125166   5.473245   2.617570
 [234,]   0.2327624   0.2327624   0.03438580   0.4688816   6.377063   2.672091
 [235,]   0.2329438   0.2329438   0.04386730   0.5034267   5.495040   2.621890
 [236,]   0.2317968   0.2317968   0.03561868   0.4661105   6.389416   2.679030
 [237,]   0.2316832   0.2316832   0.03286967   0.4867831   6.920239   2.658282
 [238,]   0.2319299   0.2319299   0.03714526   0.4607083   6.059037   2.707070
 [239,]   0.2322013   0.2322013   0.03424646   0.4817786   6.528944   2.678922
 [240,]   0.2315607   0.2315607   0.03435979   0.4850081   6.460656   2.651768
 [241,]   0.2318585   0.2318585   0.03050766   0.5021077   7.288410   2.644197
 [242,]   0.2323147   0.2323147   0.03671829   0.4678065   6.160363   2.663427
 [243,]   0.2320351   0.2320351   0.04399417   0.4953773   5.500371   2.675979
 [244,]   0.2328248   0.2328248   0.03737348   0.4591165   6.130162   2.743042
 [245,]   0.2344827   0.2344827   0.03526625   0.4561077   6.308094   2.737756
 [246,]   0.2324072   0.2324072   0.03726144   0.4598615   6.023935   2.702456
 [247,]   0.2357830   0.2357830   0.03224580   0.3839732   6.640550   2.999830
 [248,]   0.2335570   0.2335570   0.04349965   0.5097831   5.469243   2.624236
 [249,]   0.2322522   0.2322522   0.03201285   0.5026208   6.974199   2.609469
 [250,]   0.2339545   0.2339545   0.02857957   0.4749628   7.562067   2.710813
 [251,]   0.2335589   0.2335589   0.04257289   0.4881264   5.484724   2.678714
 [252,]   0.2330418   0.2330418   0.04847651   0.5169926   5.036685   2.598438
 [253,]   0.2321674   0.2321674   0.03727635   0.4607773   6.196339   2.729001
 [254,]   0.2346628   0.2346628   0.03512763   0.3811223   6.163776   3.006270
 [255,]   0.2326490   0.2326490   0.03042280   0.5022493   7.365592   2.654668
 [256,]   0.2335924   0.2335924   0.04376510   0.4867539   5.402043   2.686900
 [257,]   0.2359546   0.2359546   0.03462788   0.3534600   6.356167   3.145144
 [258,]   0.2313273   0.2313273   0.03521856   0.4699721   6.410817   2.692958
 [259,]   0.2330464   0.2330464   0.03437581   0.3760446   6.385786   3.001634
 [260,]   0.2342374   0.2342374   0.04260973   0.4950433   5.565629   2.683322
 [261,]   0.2373454   0.2373454   0.03725826   0.3691883   5.885880   3.126488
 [262,]   0.2340044   0.2340044   0.03311629   0.3829770   6.585530   2.969999
 [263,]   0.2309190   0.2309190   0.04667992   0.5167094   5.246826   2.589273
 [264,]   0.2310058   0.2310058   0.03185937   0.4774182   6.972289   2.652012
 [265,]   0.2342387   0.2342387   0.04304951   0.4970611   5.447044   2.693590
 [266,]   0.2333250   0.2333250   0.04283385   0.4888395   5.466166   2.672894
 [267,]   0.2345484   0.2345484   0.04355130   0.4968729   5.409666   2.670429
 [268,]   0.2354543   0.2354543   0.03534598   0.3696375   6.136740   3.063459
 [269,]   0.2341874   0.2341874   0.04165656   0.4879838   5.576308   2.695539
 [270,]   0.2350890   0.2350890   0.03242178   0.3866596   6.689063   3.009329
 [271,]   0.2332227   0.2332227   0.04350350   0.4969779   5.533166   2.675884
 [272,]   0.2346626   0.2346626   0.04185690   0.4940485   5.519602   2.658742
 [273,]   0.2358131   0.2358131   0.03254759   0.3889634   6.498938   2.971573
 [274,]   0.2319668   0.2319668   0.03054253   0.5032642   7.288043   2.641876
 [275,]   0.2342446   0.2342446   0.03474686   0.3507917   6.280741   3.105187
 [276,]   0.2312791   0.2312791   0.03527885   0.4705616   6.401429   2.687996
 [277,]   0.2350456   0.2350456   0.04322476   0.4863909   5.387048   2.680296
 [278,]   0.2325223   0.2325223   0.04883953   0.5069344   5.043373   2.604559
 [279,]   0.2351236   0.2351236   0.03536579   0.3747550   6.068651   3.074268
 [280,]   0.2341157   0.2341157   0.04159494   0.4862212   5.549232   2.700758
 [281,]   0.2321047   0.2321047   0.03162229   0.5048507   7.087244   2.623822
 [282,]   0.2322807   0.2322807   0.03270173   0.4833098   6.906455   2.623581
 [283,]   0.2326766   0.2326766   0.03397370   0.4841019   6.612864   2.683615
 [284,]   0.2314937   0.2314937   0.04838985   0.5232421   5.141923   2.597070
 [285,]   0.2335426   0.2335426   0.03437900   0.3490089   6.315506   3.109235
 [286,]   0.2311150   0.2311150   0.03519700   0.4705567   6.403810   2.688870
 [287,]   0.2332427   0.2332427   0.03500863   0.4907524   6.461894   2.660404
 [288,]   0.2330015   0.2330015   0.04756440   0.5198364   5.106240   2.590686
 [289,]   0.2326338   0.2326338   0.03715750   0.4545896   6.168993   2.770815
 [290,]   0.2333488   0.2333488   0.04869641   0.5266530   5.076993   2.589045
 [291,]   0.2324397   0.2324397   0.03026567   0.4867728   7.369351   2.673456
 [292,]   0.2325828   0.2325828   0.03734064   0.4635651   6.247543   2.733468
 [293,]   0.2355134   0.2355134   0.03371023   0.3843572   6.474284   3.005634
 [294,]   0.2328534   0.2328534   0.04331432   0.5027160   5.439817   2.617308
 [295,]   0.2363994   0.2363994   0.03514404   0.3539769   6.121315   3.118277
 [296,]   0.2346578   0.2346578   0.03471160   0.3750211   6.405002   3.028209
 [297,]   0.2331795   0.2331795   0.04447665   0.5104430   5.402047   2.658495
 [298,]   0.2347800   0.2347800   0.03348463   0.3824338   6.508803   3.013534
 [299,]   0.2332811   0.2332811   0.03493101   0.4716473   6.317134   2.679102
 [300,]   0.2354226   0.2354226   0.03426988   0.3504443   6.340454   3.138578
 [301,]   0.2327962   0.2327962   0.03529263   0.3944638   6.429295   2.969252
 [302,]   0.2347963   0.2347963   0.03365592   0.3941715   6.526630   2.974803
 [303,]   0.2318427   0.2318427   0.03478118   0.4704684   6.394790   2.668975
 [304,]   0.2342587   0.2342587   0.03353500   0.3793800   6.442974   2.997294
 [305,]   0.2324116   0.2324116   0.03366310   0.4937710   6.652908   2.631185
 [306,]   0.2320642   0.2320642   0.03163906   0.5059800   7.111450   2.623031
 [307,]   0.2321599   0.2321599   0.03038670   0.5004126   7.291349   2.644050
 [308,]   0.2322606   0.2322606   0.03478565   0.4740383   6.335252   2.653561
 [309,]   0.2307728   0.2307728   0.03206758   0.4750986   6.983073   2.673897
 [310,]   0.2324657   0.2324657   0.03512997   0.3943792   6.424224   2.961608
 [311,]   0.2327078   0.2327078   0.03119522   0.4951135   7.109147   2.651004
 [312,]   0.2327641   0.2327641   0.03158273   0.5050720   7.136600   2.618608
 [313,]   0.2352173   0.2352173   0.04307411   0.5005670   5.391643   2.672375
 [314,]   0.2324138   0.2324138   0.03310954   0.4883416   6.729865   2.636837
 [315,]   0.2327234   0.2327234   0.04798759   0.5270714   5.144259   2.595060
 [316,]   0.2350336   0.2350336   0.03642635   0.3735560   6.023065   3.116734
 [317,]   0.2329353   0.2329353   0.04259509   0.4992056   5.552163   2.672839
 [318,]   0.2368496   0.2368496   0.03731177   0.3702210   5.835277   3.125119
 [319,]   0.2336834   0.2336834   0.03541050   0.4553708   6.281634   2.746646
 [320,]   0.2314118   0.2314118   0.02968695   0.4955520   7.490890   2.640655
 [321,]   0.2312774   0.2312774   0.03163456   0.4777270   7.007755   2.662476
 [322,]   0.2316220   0.2316220   0.03395490   0.4891553   6.714916   2.669604
 [323,]   0.2325612   0.2325612   0.03538892   0.4577529   6.313877   2.737599
 [324,]   0.2307565   0.2307565   0.03202748   0.4770725   6.929120   2.640618
 [325,]   0.2317074   0.2317074   0.03556139   0.4669371   6.424458   2.681796
 [326,]   0.2322277   0.2322277   0.03687422   0.4544015   6.175131   2.766281
 [327,]   0.2347078   0.2347078   0.03678922   0.3690417   6.054560   3.067007
 [328,]   0.2362992   0.2362992   0.03558696   0.3777153   6.180918   3.074581
 [329,]   0.2344646   0.2344646   0.03395918   0.3695400   6.458774   3.045935
 [330,]   0.2335438   0.2335438   0.03657432   0.3706054   6.060970   3.049443
 [331,]   0.2327896   0.2327896   0.03097948   0.5037897   7.160847   2.615530
 [332,]   0.2361587   0.2361587   0.03575776   0.3738692   6.119796   3.077019
 [333,]   0.2345009   0.2345009   0.03602025   0.3573378   6.051644   3.099421
 [334,]   0.2322923   0.2322923   0.03177306   0.5061917   7.094158   2.623108
 [335,]   0.2347653   0.2347653   0.03468910   0.3554157   6.289921   3.102204
 [336,]   0.2326202   0.2326202   0.03163383   0.4755201   7.010336   2.673742
 [337,]   0.2349918   0.2349918   0.04291550   0.5001027   5.415683   2.678717
 [338,]   0.2334434   0.2334434   0.04730999   0.5204588   5.146664   2.595928
 [339,]   0.2315472   0.2315472   0.03725077   0.4679635   6.220210   2.716933
 [340,]   0.2332011   0.2332011   0.03314669   0.3957833   6.505205   2.934904
 [341,]   0.2359139   0.2359139   0.03686866   0.3769789   5.954898   3.091237
 [342,]   0.2337919   0.2337919   0.03417391   0.3770198   6.503127   3.008552
 [343,]   0.2333052   0.2333052   0.03486905   0.3530035   6.300809   3.120990
 [344,]   0.2318093   0.2318093   0.03539916   0.4730556   6.408450   2.684775
 [345,]   0.2323484   0.2323484   0.04414160   0.5060934   5.469874   2.632672
 [346,]   0.2348153   0.2348153   0.03340573   0.3813225   6.518025   3.017503
 [347,]   0.2358581   0.2358581   0.03283395   0.3875865   6.522369   3.033486
 [348,]   0.2355910   0.2355910   0.03769434   0.3744954   5.876032   3.116991
 [349,]   0.2336848   0.2336848   0.03351179   0.3812436   6.535199   2.985960
 [350,]   0.2325086   0.2325086   0.03511276   0.4870859   6.441208   2.658495
 [351,]   0.2335380   0.2335380   0.03439339   0.3772862   6.413189   3.018268
 [352,]   0.2326375   0.2326375   0.03221101   0.3851300   6.714126   2.997585
 [353,]   0.2307705   0.2307705   0.03302203   0.4832214   6.875040   2.661385
 [354,]   0.2330098   0.2330098   0.04867471   0.5164435   5.041200   2.604765
 [355,]   0.2302484   0.2302484   0.03019664   0.4883571   7.406142   2.652531
 [356,]   0.2331957   0.2331957   0.03494565   0.4846325   6.454080   2.667512
 [357,]   0.2321610   0.2321610   0.03624411   0.4646447   6.324105   2.676390
 [358,]   0.2325692   0.2325692   0.02997617   0.4974309   7.418773   2.653251
 [359,]   0.2316918   0.2316918   0.03568073   0.4655627   6.408865   2.682615
 [360,]   0.2334653   0.2334653   0.04232281   0.5028869   5.515156   2.658794
 [361,]   0.2319877   0.2319877   0.03710753   0.4660218   6.132564   2.667807
 [362,]   0.2326361   0.2326361   0.03423859   0.3775013   6.423733   3.002163
 [363,]   0.2346633   0.2346633   0.03259091   0.3902235   6.611479   2.987276
 [364,]   0.2307000   0.2307000   0.03236323   0.4834484   6.964702   2.623534
 [365,]   0.2320288   0.2320288   0.03104667   0.5004064   7.109349   2.633286
 [366,]   0.2337299   0.2337299   0.04381501   0.4853730   5.399375   2.696571
 [367,]   0.2353198   0.2353198   0.03242720   0.3891289   6.507858   2.965927
 [368,]   0.2325692   0.2325692   0.03132262   0.5012430   7.180046   2.633269
 [369,]   0.2336685   0.2336685   0.04316561   0.5005605   5.412359   2.667644
 [370,]   0.2315739   0.2315739   0.03236449   0.4879209   6.889269   2.629428
 [371,]   0.2360122   0.2360122   0.03575913   0.3737644   6.107768   3.078035
 [372,]   0.2322966   0.2322966   0.02867482   0.4770529   7.552088   2.707849
 [373,]   0.2361950   0.2361950   0.03334636   0.3951636   6.490394   3.016486
 [374,]   0.2349197   0.2349197   0.03708419   0.3729983   5.928528   3.085139
 [375,]   0.2320719   0.2320719   0.03258500   0.4851892   6.918775   2.662872
 [376,]   0.2341503   0.2341503   0.03419698   0.3876899   6.496395   2.974476
 [377,]   0.2356518   0.2356518   0.03713188   0.3731591   5.926924   3.121540
 [378,]   0.2309819   0.2309819   0.03194335   0.4791048   7.004487   2.667052
 [379,]   0.2319173   0.2319173   0.04745488   0.5191922   5.241235   2.600335
 [380,]   0.2339491   0.2339491   0.03414678   0.4868632   6.631547   2.652050
 [381,]   0.2331230   0.2331230   0.04731440   0.5208797   5.163914   2.615138
 [382,]   0.2358884   0.2358884   0.03578406   0.3777300   6.135071   3.076007
 [383,]   0.2350242   0.2350242   0.03690202   0.3766920   6.027256   3.106108
 [384,]   0.2319876   0.2319876   0.03539462   0.4698404   6.417431   2.679453
 [385,]   0.2336168   0.2336168   0.04844679   0.4980906   5.017211   2.631141
 [386,]   0.2305208   0.2305208   0.03200592   0.4761975   6.937592   2.647119
 [387,]   0.2349678   0.2349678   0.04178724   0.4918762   5.547823   2.666549
 [388,]   0.2340454   0.2340454   0.03743219   0.3716728   6.013729   3.063696
 [389,]   0.2343395   0.2343395   0.03233129   0.3879857   6.627900   2.994596
 [390,]   0.2331168   0.2331168   0.04926411   0.5101740   5.010756   2.591526
 [391,]   0.2345350   0.2345350   0.04298829   0.4869843   5.416188   2.677709
 [392,]   0.2320220   0.2320220   0.03343753   0.4910736   6.733961   2.647329
 [393,]   0.2333319   0.2333319   0.04220669   0.4893614   5.499385   2.680658
 [394,]   0.2312765   0.2312765   0.03118714   0.5102098   7.280669   2.615045
 [395,]   0.2331506   0.2331506   0.04230801   0.5031391   5.547939   2.646437
 [396,]   0.2325768   0.2325768   0.03501188   0.4722752   6.344753   2.669204
 [397,]   0.2326574   0.2326574   0.03525469   0.4695395   6.379227   2.696895
 [398,]   0.2332072   0.2332072   0.04225159   0.4856459   5.548508   2.678762
 [399,]   0.2339656   0.2339656   0.04381815   0.5105778   5.459654   2.625239
 [400,]   0.2347427   0.2347427   0.03235327   0.3885102   6.708738   3.002530
 [401,]   0.2317431   0.2317431   0.03260104   0.4973921   6.957431   2.640884
 [402,]   0.2334320   0.2334320   0.03473426   0.3761516   6.473914   2.999532
 [403,]   0.2358314   0.2358314   0.03585989   0.3767890   6.052305   3.070096
 [404,]   0.2323117   0.2323117   0.03571535   0.4522102   6.241848   2.744291
 [405,]   0.2346297   0.2346297   0.03265486   0.3844797   6.593066   3.006074
 [406,]   0.2327027   0.2327027   0.04407683   0.5050997   5.476797   2.633466
 [407,]   0.2341725   0.2341725   0.03457130   0.3737403   6.437135   3.035381
 [408,]   0.2367608   0.2367608   0.03732481   0.3756275   5.929431   3.085855
 [409,]   0.2320925   0.2320925   0.03333734   0.4916742   6.794401   2.650232
 [410,]   0.2319263   0.2319263   0.03003746   0.4912618   7.474007   2.653431
 [411,]   0.2333240   0.2333240   0.04161376   0.4889292   5.607077   2.684627
 [412,]   0.2343651   0.2343651   0.03735287   0.3704079   6.018130   3.068659
 [413,]   0.2368421   0.2368421   0.03722026   0.3710068   5.845405   3.127937
 [414,]   0.2316853   0.2316853   0.04390353   0.4975326   5.528986   2.665965
 [415,]   0.2335043   0.2335043   0.04240752   0.4896242   5.478599   2.673411
 [416,]   0.2325170   0.2325170   0.02990228   0.4992514   7.389114   2.651243
 [417,]   0.2338479   0.2338479   0.03386035   0.4835187   6.605776   2.675952
 [418,]   0.2335449   0.2335449   0.03607430   0.3534587   6.003580   3.096767
 [419,]   0.2325870   0.2325870   0.03732687   0.4632959   6.260621   2.736114
 [420,]   0.2336469   0.2336469   0.04393469   0.5079297   5.440719   2.626799
 [421,]   0.2335027   0.2335027   0.04769716   0.5251105   5.172478   2.608102
 [422,]   0.2320104   0.2320104   0.03007856   0.4863703   7.400572   2.674643
 [423,]   0.2347269   0.2347269   0.03351740   0.3816517   6.472155   2.994721
 [424,]   0.2317635   0.2317635   0.03309129   0.4850703   6.857614   2.665781
 [425,]   0.2319428   0.2319428   0.04434846   0.5017753   5.382503   2.600112
 [426,]   0.2321793   0.2321793   0.03019812   0.5010315   7.309701   2.630037
 [427,]   0.2339541   0.2339541   0.03321974   0.3837565   6.468560   3.043028
 [428,]   0.2328199   0.2328199   0.03356161   0.4905477   6.712104   2.654188
 [429,]   0.2330799   0.2330799   0.03335989   0.4958543   6.627068   2.621904
 [430,]   0.2330267   0.2330267   0.04371874   0.5071383   5.483919   2.654749
 [431,]   0.2332258   0.2332258   0.03443503   0.3773397   6.373191   3.000442
 [432,]   0.2373008   0.2373008   0.03726036   0.3712867   5.879805   3.126401
 [433,]   0.2312227   0.2312227   0.03122042   0.5081506   7.296624   2.621186
 [434,]   0.2337927   0.2337927   0.03281257   0.3830380   6.701529   3.006710
 [435,]   0.2339258   0.2339258   0.03282721   0.3824518   6.710392   3.004526
 [436,]   0.2335297   0.2335297   0.04252857   0.5056346   5.533987   2.633993
 [437,]   0.2327674   0.2327674   0.03299343   0.3824171   6.702272   2.985980
 [438,]   0.2336167   0.2336167   0.04216929   0.4964319   5.500635   2.659752
 [439,]   0.2313115   0.2313115   0.03429939   0.4857215   6.507075   2.650660
 [440,]   0.2350294   0.2350294   0.03448094   0.3524581   6.319341   3.111575
 [441,]   0.2337409   0.2337409   0.03219067   0.4918998   6.878041   2.628747
 [442,]   0.2349194   0.2349194   0.03465678   0.3758601   6.308969   3.011756
 [443,]   0.2358227   0.2358227   0.03612887   0.3789223   6.117184   3.077188
 [444,]   0.2346308   0.2346308   0.04295336   0.4856695   5.407658   2.679705
 [445,]   0.2343048   0.2343048   0.03455812   0.3533213   6.284973   3.110750
 [446,]   0.2326407   0.2326407   0.04237390   0.5046559   5.529201   2.632469
 [447,]   0.2359148   0.2359148   0.03451257   0.3537473   6.352797   3.139940
 [448,]   0.2318984   0.2318984   0.04350724   0.5102348   5.511229   2.620399
 [449,]   0.2346557   0.2346557   0.03453353   0.3850267   6.413198   3.058209
 [450,]   0.2331897   0.2331897   0.04729302   0.5229481   5.118568   2.581285
 [451,]   0.2340438   0.2340438   0.03556234   0.4552382   6.291367   2.745537
 [452,]   0.2311230   0.2311230   0.04785548   0.5221247   5.170309   2.608526
 [453,]   0.2336631   0.2336631   0.04249473   0.4789242   5.468884   2.696228
 [454,]   0.2344222   0.2344222   0.03217663   0.5011414   6.972726   2.613553
 [455,]   0.2341473   0.2341473   0.03307122   0.3807449   6.590705   2.974806
 [456,]   0.2329691   0.2329691   0.04286479   0.4953272   5.564087   2.689739
 [457,]   0.2341757   0.2341757   0.04351985   0.5111830   5.473453   2.623674
 [458,]   0.2330715   0.2330715   0.02893970   0.4783617   7.553536   2.697527
 [459,]   0.2361916   0.2361916   0.03579132   0.3734696   6.016547   3.077450
 [460,]   0.2333466   0.2333466   0.03206696   0.4926091   6.873858   2.643358
 [461,]   0.2343414   0.2343414   0.04306409   0.4971642   5.450368   2.692938
 [462,]   0.2344902   0.2344902   0.03344475   0.3833662   6.477216   3.015911
 [463,]   0.2353557   0.2353557   0.03557243   0.3695789   6.141259   3.061995
 [464,]   0.2344429   0.2344429   0.03685904   0.3708371   6.054585   3.063930
 [465,]   0.2321452   0.2321452   0.04866255   0.5051923   5.046794   2.609317
 [466,]   0.2319049   0.2319049   0.04361335   0.4964025   5.488458   2.672406
 [467,]   0.2321242   0.2321242   0.03483995   0.4733210   6.391549   2.675440
 [468,]   0.2354827   0.2354827   0.03709637   0.3724750   5.937876   3.121521
 [469,]   0.2333170   0.2333170   0.04832484   0.5256585   5.068551   2.587935
 [470,]   0.2318600   0.2318600   0.03565092   0.4660966   6.360026   2.674863
 [471,]   0.2333323   0.2333323   0.04457257   0.5129544   5.478244   2.627337
 [472,]   0.2343132   0.2343132   0.03319368   0.3899806   6.500723   2.969145
 [473,]   0.2334525   0.2334525   0.03383755   0.4793955   6.604918   2.683855
 [474,]   0.2338565   0.2338565   0.03384591   0.3859202   6.406120   3.042184
 [475,]   0.2332188   0.2332188   0.03518208   0.3549284   6.172676   3.101811
 [476,]   0.2331607   0.2331607   0.03544306   0.4630191   6.318475   2.721968
 [477,]   0.2342349   0.2342349   0.03256629   0.3825225   6.535309   3.037952
 [478,]   0.2320990   0.2320990   0.04328747   0.5049155   5.465433   2.612719
 [479,]   0.2310867   0.2310867   0.04443819   0.5034981   5.355663   2.592006
 [480,]   0.2317725   0.2317725   0.03183313   0.5027574   7.057163   2.625625
 [481,]   0.2330144   0.2330144   0.03147850   0.5040145   7.086503   2.633716
 [482,]   0.2330179   0.2330179   0.03328910   0.3919085   6.488250   2.937466
 [483,]   0.2346585   0.2346585   0.04192975   0.4897498   5.516627   2.674334
 [484,]   0.2360645   0.2360645   0.03694859   0.3785780   5.982238   3.091448
 [485,]   0.2325664   0.2325664   0.03035549   0.5043902   7.408389   2.645071
 [486,]   0.2348040   0.2348040   0.04344810   0.5033701   5.407211   2.673617
 [487,]   0.2331316   0.2331316   0.03340451   0.4966005   6.617417   2.620246
 [488,]   0.2336830   0.2336830   0.04271982   0.5056978   5.442663   2.631720
 [489,]   0.2330057   0.2330057   0.03437912   0.3760977   6.392989   3.002111
 [490,]   0.2348640   0.2348640   0.03298969   0.3847242   6.415811   2.960362
 [491,]   0.2324742   0.2324742   0.03411064   0.4858307   6.616721   2.648187
 [492,]   0.2339596   0.2339596   0.03504878   0.4906651   6.464367   2.662237
 [493,]   0.2335415   0.2335415   0.03206164   0.4923681   6.894383   2.642897
 [494,]   0.2352518   0.2352518   0.03684285   0.3759371   6.009770   3.103827
 [495,]   0.2327699   0.2327699   0.04300431   0.4997517   5.558387   2.650924
 [496,]   0.2366562   0.2366562   0.03519520   0.3801155   6.185256   3.014153
 [497,]   0.2323567   0.2323567   0.03251899   0.4923346   6.973389   2.655200
 [498,]   0.2314900   0.2314900   0.03254754   0.4956867   6.944079   2.642122
 [499,]   0.2320342   0.2320342   0.04300908   0.4943325   5.504219   2.671342
 [500,]   0.2322362   0.2322362   0.03463744   0.4872292   6.514331   2.665111
 [501,]   0.2330590   0.2330590   0.03443399   0.4774618   6.421323   2.652094
 [502,]   0.2344574   0.2344574   0.03414394   0.3867859   6.524549   2.983514
 [503,]   0.2330378   0.2330378   0.04216540   0.5042239   5.520879   2.641017
 [504,]   0.2324108   0.2324108   0.04682510   0.5141076   5.236458   2.583888
 [505,]   0.2351659   0.2351659   0.03419147   0.3503543   6.334658   3.135971
 [506,]   0.2326032   0.2326032   0.03694812   0.4588495   6.216621   2.756104
 [507,]   0.2337550   0.2337550   0.03485875   0.3516800   6.143564   3.098813
 [508,]   0.2316017   0.2316017   0.04257247   0.4881388   5.503479   2.673691
 [509,]   0.2333601   0.2333601   0.03555506   0.4633525   6.318488   2.721239
 [510,]   0.2314712   0.2314712   0.04883236   0.5109663   5.004271   2.597174
 [511,]   0.2322406   0.2322406   0.03199024   0.5023639   6.971198   2.613065
 [512,]   0.2332012   0.2332012   0.03245881   0.5011253   6.950066   2.622317
 [513,]   0.2318038   0.2318038   0.03029178   0.5039686   7.305345   2.627712
 [514,]   0.2342736   0.2342736   0.03355436   0.3919417   6.361452   2.943786
 [515,]   0.2322556   0.2322556   0.03732995   0.4687192   6.201301   2.720283
 [516,]   0.2326249   0.2326249   0.04265121   0.4959706   5.549524   2.673686
 [517,]   0.2324760   0.2324760   0.03063764   0.5058376   7.184916   2.619505
 [518,]   0.2328328   0.2328328   0.03094846   0.5047443   7.194339   2.627752
 [519,]   0.2331522   0.2331522   0.03476430   0.3947302   6.433852   2.951029
 [520,]   0.2322387   0.2322387   0.03540123   0.4748233   6.400974   2.680811
 [521,]   0.2339494   0.2339494   0.04248145   0.4853535   5.483076   2.682536
 [522,]   0.2319802   0.2319802   0.04429775   0.5065629   5.454996   2.629623
 [523,]   0.2325749   0.2325749   0.02942421   0.4831616   7.461724   2.680982
 [524,]   0.2313718   0.2313718   0.03514089   0.4693062   6.374429   2.689507
 [525,]   0.2331146   0.2331146   0.04920961   0.5105466   4.997215   2.589869
 [526,]   0.2358471   0.2358471   0.03709267   0.3721391   6.010152   3.081972
 [527,]   0.2319167   0.2319167   0.04384023   0.4998900   5.489421   2.657186
 [528,]   0.2337027   0.2337027   0.04303411   0.4841036   5.402320   2.673216
 [529,]   0.2313494   0.2313494   0.03163315   0.4761174   7.021743   2.665363
 [530,]   0.2331470   0.2331470   0.03335046   0.4907790   6.748184   2.652695
 [531,]   0.2330955   0.2330955   0.03496943   0.3537413   6.417723   3.120142
 [532,]   0.2309782   0.2309782   0.03047101   0.4919136   7.498374   2.651648
 [533,]   0.2338542   0.2338542   0.04189516   0.4946937   5.490145   2.670641
 [534,]   0.2347695   0.2347695   0.03263175   0.3880682   6.435518   2.962783
 [535,]   0.2342944   0.2342944   0.03551025   0.3812918   6.178373   3.008500
 [536,]   0.2315054   0.2315054   0.03074015   0.4978581   7.270665   2.649998
 [537,]   0.2362475   0.2362475   0.03277094   0.3877591   6.495657   3.029591
 [538,]   0.2321471   0.2321471   0.03591332   0.4546535   6.306447   2.762441
 [539,]   0.2322147   0.2322147   0.02997240   0.4999991   7.389664   2.651126
 [540,]   0.2343666   0.2343666   0.03359860   0.3815809   6.429149   3.020962
 [541,]   0.2336950   0.2336950   0.03564639   0.3785804   6.160012   3.027444
 [542,]   0.2361602   0.2361602   0.03694523   0.3787186   5.972640   3.089721
 [543,]   0.2332961   0.2332961   0.04869173   0.5234214   5.101364   2.597495
 [544,]   0.2327835   0.2327835   0.03052090   0.5048991   7.418406   2.646377
 [545,]   0.2331647   0.2331647   0.04392310   0.5045097   5.449076   2.616143
 [546,]   0.2337181   0.2337181   0.04192287   0.4756495   5.514131   2.693019
 [547,]   0.2348153   0.2348153   0.04321090   0.4845191   5.411166   2.682442
 [548,]   0.2324216   0.2324216   0.03171416   0.4762990   7.004178   2.669493
 [549,]   0.2321455   0.2321455   0.04890314   0.5105375   5.044432   2.602637
 [550,]   0.2328589   0.2328589   0.04379711   0.5099184   5.488737   2.626952
 [551,]   0.2351217   0.2351217   0.03362887   0.3838858   6.495841   3.012559
 [552,]   0.2315067   0.2315067   0.04869870   0.5050986   5.092236   2.635112
 [553,]   0.2346267   0.2346267   0.03593546   0.3760280   6.176620   3.041038
 [554,]   0.2330686   0.2330686   0.03667279   0.3692252   6.081415   3.042722
 [555,]   0.2341736   0.2341736   0.03479823   0.3521668   6.285707   3.103607
 [556,]   0.2348777   0.2348777   0.03557110   0.3744191   6.122372   3.072537
 [557,]   0.2325552   0.2325552   0.04941247   0.5133592   5.027616   2.610754
 [558,]   0.2351411   0.2351411   0.03346334   0.3813561   6.499675   3.018128
 [559,]   0.2325624   0.2325624   0.03697358   0.4641926   6.281008   2.733895
 [560,]   0.2327786   0.2327786   0.04364486   0.4932516   5.492870   2.681034
 [561,]   0.2334315   0.2334315   0.04711837   0.5205482   5.155253   2.595525
 [562,]   0.2326765   0.2326765   0.03428088   0.4839996   6.555021   2.648128
 [563,]   0.2329179   0.2329179   0.04121198   0.4884692   5.600583   2.680556
 [564,]   0.2332296   0.2332296   0.04901319   0.5160452   5.053480   2.605956
 [565,]   0.2318213   0.2318213   0.03202316   0.4913940   6.924867   2.630138
 [566,]   0.2325129   0.2325129   0.04926336   0.5138518   5.026843   2.599279
 [567,]   0.2340296   0.2340296   0.04312417   0.4974237   5.433178   2.682793
 [568,]   0.2336722   0.2336722   0.04292788   0.4926678   5.577026   2.697860
 [569,]   0.2344483   0.2344483   0.03389992   0.3797080   6.374389   3.030079
 [570,]   0.2322112   0.2322112   0.03014135   0.5018842   7.315334   2.629369
 [571,]   0.2323784   0.2323784   0.03691810   0.4546031   6.182332   2.766951
 [572,]   0.2329156   0.2329156   0.03229418   0.4884562   6.786397   2.636134
 [573,]   0.2344660   0.2344660   0.03321187   0.3917476   6.509799   2.965213
 [574,]   0.2321263   0.2321263   0.03078423   0.5058361   7.186681   2.617647
 [575,]   0.2330354   0.2330354   0.04307938   0.4841019   5.384031   2.673663
 [576,]   0.2319571   0.2319571   0.03342668   0.4907022   6.751851   2.645666
 [577,]   0.2320262   0.2320262   0.03171902   0.4893078   6.863382   2.656218
 [578,]   0.2309977   0.2309977   0.03218372   0.5050813   6.972037   2.597891
 [579,]   0.2325276   0.2325276   0.03532689   0.4575264   6.316347   2.738318
 [580,]   0.2326946   0.2326946   0.03385154   0.4907028   6.694418   2.657334
 [581,]   0.2332328   0.2332328   0.04250624   0.4891756   5.466551   2.676407
 [582,]   0.2340641   0.2340641   0.04255778   0.4865449   5.460084   2.680937
 [583,]   0.2317885   0.2317885   0.02978873   0.4962574   7.448685   2.635476
 [584,]   0.2328930   0.2328930   0.03472380   0.3528997   6.365549   3.118814
 [585,]   0.2321624   0.2321624   0.03436457   0.4746074   6.423218   2.670083
 [586,]   0.2371745   0.2371745   0.03734039   0.3747893   5.927793   3.080979
 [587,]   0.2338336   0.2338336   0.03419400   0.3746320   6.373525   3.014421
 [588,]   0.2323769   0.2323769   0.03496833   0.4750145   6.413842   2.676432
 [589,]   0.2318768   0.2318768   0.02970687   0.4950575   7.464247   2.646862
 [590,]   0.2332359   0.2332359   0.04235683   0.5029739   5.545959   2.643165
 [591,]   0.2331249   0.2331249   0.03556528   0.3779316   6.204702   3.025121
 [592,]   0.2331317   0.2331317   0.04859347   0.5230429   5.053789   2.590528
 [593,]   0.2352782   0.2352782   0.03576941   0.3625577   6.067657   3.087477
 [594,]   0.2343484   0.2343484   0.04391411   0.5080227   5.447080   2.627895
 [595,]   0.2325269   0.2325269   0.03458327   0.4837565   6.516909   2.677240
 [596,]   0.2330608   0.2330608   0.04297899   0.4844604   5.371053   2.670122
 [597,]   0.2339745   0.2339745   0.03567784   0.3775444   6.167084   3.028476
 [598,]   0.2338472   0.2338472   0.03438580   0.3753223   6.465479   3.010231
 [599,]   0.2331724   0.2331724   0.03362716   0.3948242   6.561243   2.970366
 [600,]   0.2311162   0.2311162   0.03201063   0.4749172   6.997279   2.670715
 [601,]   0.2318599   0.2318599   0.04980251   0.5152073   4.997077   2.599743
 [602,]   0.2322866   0.2322866   0.03731954   0.4633864   6.182447   2.726798
 [603,]   0.2346948   0.2346948   0.03484238   0.3562906   6.236808   3.105497
 [604,]   0.2334672   0.2334672   0.04849695   0.4984380   5.059539   2.639844
 [605,]   0.2337407   0.2337407   0.03483761   0.3765007   6.443219   2.993483
 [606,]   0.2302852   0.2302852   0.03100492   0.5084362   7.282654   2.619105
 [607,]   0.2316840   0.2316840   0.04597469   0.5074259   5.286772   2.596464
 [608,]   0.2337075   0.2337075   0.03288459   0.3835530   6.723792   3.006382
 [609,]   0.2360896   0.2360896   0.03775932   0.3678237   5.964772   3.149743
 [610,]   0.2378128   0.2378128   0.03771493   0.3666682   5.861550   3.132823
 [611,]   0.2326186   0.2326186   0.03472905   0.3773176   6.376112   3.014008
 [612,]   0.2333670   0.2333670   0.04514981   0.5031734   5.315489   2.610502
 [613,]   0.2345373   0.2345373   0.03349911   0.3828546   6.452287   3.015054
 [614,]   0.2332644   0.2332644   0.03442778   0.4863622   6.575482   2.647319
 [615,]   0.2343209   0.2343209   0.03628726   0.3737514   6.084402   3.031053
 [616,]   0.2328734   0.2328734   0.03367887   0.4940894   6.666776   2.631316
 [617,]   0.2318264   0.2318264   0.03069798   0.5055496   7.208185   2.621260
 [618,]   0.2312388   0.2312388   0.03535964   0.4706860   6.407354   2.693365
 [619,]   0.2354100   0.2354100   0.03452737   0.3522732   6.349701   3.145546
 [620,]   0.2321689   0.2321689   0.03398580   0.4919963   6.606995   2.635314
 [621,]   0.2329062   0.2329062   0.03703431   0.4655023   6.077147   2.703883
 [622,]   0.2331179   0.2331179   0.03037965   0.5020377   7.364554   2.661706
 [623,]   0.2318766   0.2318766   0.03613980   0.4571101   6.336241   2.749832
 [624,]   0.2318431   0.2318431   0.03556991   0.4651869   6.401548   2.678161
 [625,]   0.2333347   0.2333347   0.03534588   0.4556366   6.272511   2.741447
 [626,]   0.2374852   0.2374852   0.03549339   0.3718693   6.090496   3.088618
 [627,]   0.2338892   0.2338892   0.03446937   0.3770640   6.424203   2.985248
 [628,]   0.2337875   0.2337875   0.03391888   0.4869635   6.638689   2.676368
 [629,]   0.2347984   0.2347984   0.03430510   0.3516021   6.295835   3.112516
 [630,]   0.2351399   0.2351399   0.03487543   0.3787807   6.230545   3.007343
 [631,]   0.2326681   0.2326681   0.04914766   0.5078619   4.981361   2.586083
 [632,]   0.2325098   0.2325098   0.03161988   0.4990787   6.996842   2.623738
 [633,]   0.2320432   0.2320432   0.02969025   0.4944497   7.466586   2.647270
 [634,]   0.2323903   0.2323903   0.03289934   0.4952614   6.670998   2.604143
 [635,]   0.2325098   0.2325098   0.03533442   0.3941999   6.418761   2.960312
 [636,]   0.2351548   0.2351548   0.03770569   0.3713126   6.064061   3.131552
 [637,]   0.2341117   0.2341117   0.03348584   0.3829653   6.447870   3.013214
 [638,]   0.2327967   0.2327967   0.03024782   0.5047457   7.363488   2.638163
 [639,]   0.2329884   0.2329884   0.04200985   0.4767555   5.532241   2.693510
 [640,]   0.2320318   0.2320318   0.04666840   0.5116225   5.241492   2.592749
 [641,]   0.2331365   0.2331365   0.03445506   0.3925641   6.413091   2.977990
 [642,]   0.2333741   0.2333741   0.04264462   0.5002023   5.554512   2.670514
 [643,]   0.2322303   0.2322303   0.04862099   0.5036435   5.040164   2.614168
 [644,]   0.2309954   0.2309954   0.03131045   0.5047308   7.320934   2.625749
 [645,]   0.2318566   0.2318566   0.04825777   0.5256815   5.092212   2.589145
 [646,]   0.2338555   0.2338555   0.04288013   0.4964617   5.444291   2.658578
 [647,]   0.2334209   0.2334209   0.03366944   0.3826524   6.571941   2.985633
 [648,]   0.2330216   0.2330216   0.03297549   0.3811884   6.774382   3.001621
 [649,]   0.2322625   0.2322625   0.03752728   0.4601526   6.032701   2.709702
 [650,]   0.2317956   0.2317956   0.03240663   0.4880807   6.919357   2.628281
 [651,]   0.2308392   0.2308392   0.03041927   0.4911579   7.474100   2.656987
 [652,]   0.2330585   0.2330585   0.04362194   0.4906773   5.439045   2.674460
 [653,]   0.2339125   0.2339125   0.03359853   0.3915473   6.512875   2.955261
 [654,]   0.2334948   0.2334948   0.04292005   0.5035432   5.493467   2.616555
 [655,]   0.2315334   0.2315334   0.03328683   0.4909549   6.793686   2.650688
 [656,]   0.2335525   0.2335525   0.04290339   0.5047343   5.445112   2.607483
 [657,]   0.2306393   0.2306393   0.03243314   0.4848645   6.936367   2.622612
 [658,]   0.2338139   0.2338139   0.04202812   0.4745510   5.487289   2.695657
 [659,]   0.2306126   0.2306126   0.03085946   0.5006112   7.403587   2.642291
 [660,]   0.2332465   0.2332465   0.04153149   0.4879829   5.607080   2.682135
 [661,]   0.2332858   0.2332858   0.03001951   0.5020296   7.367590   2.641158
 [662,]   0.2357003   0.2357003   0.03564095   0.3735291   6.112521   3.079494
 [663,]   0.2330953   0.2330953   0.03367375   0.3950510   6.555504   2.964446
 [664,]   0.2309924   0.2309924   0.03331663   0.4888370   6.902513   2.652443
 [665,]   0.2331418   0.2331418   0.03513616   0.4585183   6.343575   2.728679
 [666,]   0.2321752   0.2321752   0.02933585   0.4805027   7.482750   2.685356
 [667,]   0.2345820   0.2345820   0.04134399   0.4876645   5.515005   2.686938
 [668,]   0.2340699   0.2340699   0.03251094   0.3834080   6.628431   3.014405
 [669,]   0.2328144   0.2328144   0.04365441   0.5085409   5.465977   2.624614
 [670,]   0.2336248   0.2336248   0.04360480   0.5007499   5.407803   2.659454
 [671,]   0.2324281   0.2324281   0.04239538   0.5062195   5.528496   2.622617
 [672,]   0.2350025   0.2350025   0.03678168   0.3754313   6.008949   3.104160
 [673,]   0.2333006   0.2333006   0.04258946   0.4930441   5.514732   2.686771
 [674,]   0.2322801   0.2322801   0.03175588   0.5023859   6.994917   2.620733
 [675,]   0.2352681   0.2352681   0.03571677   0.3689669   6.135468   3.066392
 [676,]   0.2336139   0.2336139   0.03312127   0.3933065   6.491847   2.934326
 [677,]   0.2337204   0.2337204   0.04775523   0.5259235   5.184878   2.608578
 [678,]   0.2345126   0.2345126   0.04211627   0.4936999   5.501791   2.663736
 [679,]   0.2362664   0.2362664   0.03530531   0.3714811   6.026579   3.093570
 [680,]   0.2340811   0.2340811   0.03484231   0.3763331   6.357537   3.017411
 [681,]   0.2352125   0.2352125   0.03622590   0.3658103   6.155946   3.097865
 [682,]   0.2340678   0.2340678   0.04170337   0.4881262   5.573379   2.685513
 [683,]   0.2306854   0.2306854   0.03136878   0.5057086   7.323972   2.626035
 [684,]   0.2321710   0.2321710   0.04888771   0.5276744   5.182188   2.613028
 [685,]   0.2334313   0.2334313   0.04307078   0.4918708   5.500648   2.668890
 [686,]   0.2343158   0.2343158   0.04167707   0.4919665   5.566924   2.677126
 [687,]   0.2321482   0.2321482   0.02998186   0.5004878   7.309347   2.621956
 [688,]   0.2340081   0.2340081   0.04321327   0.5023658   5.405561   2.668587
 [689,]   0.2325244   0.2325244   0.03700785   0.4554071   6.177900   2.767735
 [690,]   0.2336197   0.2336197   0.04879726   0.5167048   5.036955   2.609823
 [691,]   0.2348543   0.2348543   0.03256173   0.3841044   6.589760   3.005676
 [692,]   0.2343952   0.2343952   0.04415987   0.5084281   5.434236   2.655191
 [693,]   0.2355931   0.2355931   0.03608781   0.3748344   6.108671   3.039930
 [694,]   0.2320111   0.2320111   0.03469428   0.4711412   6.377636   2.665489
 [695,]   0.2334460   0.2334460   0.04355622   0.4972594   5.417504   2.670349
 [696,]   0.2334278   0.2334278   0.04290266   0.4924386   5.586146   2.697154
 [697,]   0.2342480   0.2342480   0.03552819   0.3695721   6.174020   3.064556
 [698,]   0.2309142   0.2309142   0.03183485   0.4778619   6.968784   2.649161
 [699,]   0.2335371   0.2335371   0.04342769   0.5101109   5.475742   2.624314
 [700,]   0.2345804   0.2345804   0.03730222   0.3704026   6.044005   3.080702
 [701,]   0.2343824   0.2343824   0.03244475   0.3836348   6.629096   3.014614
 [702,]   0.2325788   0.2325788   0.04274129   0.4878954   5.482878   2.677457
 [703,]   0.2346401   0.2346401   0.04305216   0.4967941   5.439583   2.693014
 [704,]   0.2332345   0.2332345   0.04357999   0.4906987   5.433654   2.675818
 [705,]   0.2340600   0.2340600   0.03391414   0.3852981   6.401595   3.046628
 [706,]   0.2322934   0.2322934   0.03017363   0.5044172   7.443111   2.648211
 [707,]   0.2318838   0.2318838   0.04898927   0.5082482   4.987150   2.600019
 [708,]   0.2325422   0.2325422   0.03236025   0.4884084   6.760046   2.636169
 [709,]   0.2335450   0.2335450   0.03530029   0.3540436   6.170588   3.100996
 [710,]   0.2344875   0.2344875   0.03443482   0.3531370   6.305153   3.110577
 [711,]   0.2334049   0.2334049   0.04285481   0.5046462   5.473505   2.612574
 [712,]   0.2340852   0.2340852   0.04262749   0.4923199   5.579223   2.698481
 [713,]   0.2335750   0.2335750   0.04247120   0.4889693   5.466670   2.674613
 [714,]   0.2364918   0.2364918   0.03784638   0.3753705   5.841302   3.112288
 [715,]   0.2333159   0.2333159   0.04217495   0.4892332   5.500631   2.675411
 [716,]   0.2336875   0.2336875   0.04197562   0.4773611   5.544322   2.694708
 [717,]   0.2353035   0.2353035   0.03601076   0.3581983   6.096381   3.110975
 [718,]   0.2346325   0.2346325   0.04289779   0.4864271   5.408161   2.682336
 [719,]   0.2349410   0.2349410   0.03355693   0.3896618   6.473112   2.961747
 [720,]   0.2315480   0.2315480   0.03047308   0.5043636   7.284321   2.628933
 [721,]   0.2319617   0.2319617   0.04389795   0.4992868   5.474754   2.653638
 [722,]   0.2328553   0.2328553   0.03431997   0.4781609   6.418333   2.651357
 [723,]   0.2329919   0.2329919   0.03238465   0.4897916   6.831638   2.643254
 [724,]   0.2331624   0.2331624   0.03448292   0.3933715   6.462194   2.973978
 [725,]   0.2319311   0.2319311   0.03178687   0.5028771   7.070928   2.629179
 [726,]   0.2330204   0.2330204   0.03230087   0.3826904   6.745647   3.002589
 [727,]   0.2324816   0.2324816   0.03538066   0.4739372   6.410313   2.687175
 [728,]   0.2318532   0.2318532   0.03287814   0.4947202   6.730130   2.608198
 [729,]   0.2315587   0.2315587   0.04378223   0.4963875   5.501182   2.672053
 [730,]   0.2322071   0.2322071   0.04175275   0.4916033   5.565024   2.682093
 [731,]   0.2315111   0.2315111   0.03300781   0.5010750   6.887864   2.629135
 [732,]   0.2320615   0.2320615   0.04652700   0.5189643   5.260103   2.594611
 [733,]   0.2345503   0.2345503   0.03480905   0.3751087   6.365519   3.025070
 [734,]   0.2334881   0.2334881   0.04746016   0.5235868   5.111258   2.585894
 [735,]   0.2351436   0.2351436   0.03598129   0.3593192   6.071695   3.095197
 [736,]   0.2346403   0.2346403   0.03354333   0.3813511   6.463966   2.997494
 [737,]   0.2331285   0.2331285   0.04842001   0.5260508   5.073075   2.589489
 [738,]   0.2305078   0.2305078   0.03193794   0.4769000   6.960496   2.650718
 [739,]   0.2336017   0.2336017   0.03525754   0.4560638   6.307624   2.734467
 [740,]   0.2328362   0.2328362   0.04228281   0.4965262   5.507093   2.664916
 [741,]   0.2328266   0.2328266   0.03320419   0.5013429   6.803425   2.618958
 [742,]   0.2330377   0.2330377   0.03212048   0.4917523   6.865119   2.649212
 [743,]   0.2347210   0.2347210   0.03457411   0.3535585   6.319372   3.132541
 [744,]   0.2326338   0.2326338   0.03431976   0.4869429   6.612253   2.648129
 [745,]   0.2317781   0.2317781   0.03282081   0.4967794   6.736134   2.604580
 [746,]   0.2336049   0.2336049   0.03461726   0.3484565   6.340564   3.129247
 [747,]   0.2312499   0.2312499   0.04398769   0.4988796   5.493200   2.666371
 [748,]   0.2334573   0.2334573   0.04376692   0.5105703   5.476792   2.661603
 [749,]   0.2347853   0.2347853   0.03440904   0.3818232   6.368235   3.061795
 [750,]   0.2321565   0.2321565   0.03393670   0.4913419   6.697865   2.662122
 [751,]   0.2342107   0.2342107   0.03413236   0.3865723   6.493025   2.977926
 [752,]   0.2328340   0.2328340   0.03526432   0.4698616   6.376852   2.701558
 [753,]   0.2321971   0.2321971   0.04343375   0.5096242   5.505641   2.617088
 [754,]   0.2318413   0.2318413   0.03553373   0.4563494   6.328556   2.743983
 [755,]   0.2316959   0.2316959   0.03065838   0.4997853   7.393348   2.644605
 [756,]   0.2334857   0.2334857   0.04327166   0.4991109   5.428507   2.660747
 [757,]   0.2331478   0.2331478   0.03312966   0.3917340   6.521672   2.936714
 [758,]   0.2334633   0.2334633   0.04826444   0.4968167   5.016397   2.633901
 [759,]   0.2322978   0.2322978   0.04279553   0.4933337   5.509962   2.691905
 [760,]   0.2343720   0.2343720   0.04175380   0.4928068   5.543637   2.657069
 [761,]   0.2338855   0.2338855   0.03325317   0.3923967   6.456758   2.929017
 [762,]   0.2316445   0.2316445   0.03532281   0.4728138   6.410674   2.683686
 [763,]   0.2323481   0.2323481   0.03227599   0.4996178   6.920081   2.603337
 [764,]   0.2351118   0.2351118   0.03676008   0.3725715   5.956252   3.079100
 [765,]   0.2349261   0.2349261   0.03402018   0.3844997   6.509439   3.003929
 [766,]   0.2333557   0.2333557   0.04891480   0.5207548   5.016048   2.595499
 [767,]   0.2338592   0.2338592   0.04295317   0.5026868   5.560980   2.663733
 [768,]   0.2347864   0.2347864   0.03706372   0.3737140   5.942290   3.086493
 [769,]   0.2333374   0.2333374   0.03521771   0.4593555   6.340933   2.722576
 [770,]   0.2337066   0.2337066   0.03315301   0.3866328   6.488145   2.946884
 [771,]   0.2330656   0.2330656   0.04395107   0.5079552   5.448438   2.645788
 [772,]   0.2366408   0.2366408   0.03729355   0.3754904   5.948360   3.082103
 [773,]   0.2348467   0.2348467   0.04319040   0.4842031   5.417297   2.685620
 [774,]   0.2313714   0.2313714   0.02995199   0.4976893   7.414407   2.652624
 [775,]   0.2343498   0.2343498   0.03256679   0.3892144   6.627967   2.988992
 [776,]   0.2331134   0.2331134   0.04315438   0.5025320   5.430016   2.613807
 [777,]   0.2346669   0.2346669   0.03724566   0.3706139   5.998050   3.061528
 [778,]   0.2322821   0.2322821   0.04666554   0.5106070   5.236295   2.589858
 [779,]   0.2315805   0.2315805   0.03183235   0.4948116   7.026102   2.640283
 [780,]   0.2327419   0.2327419   0.03328112   0.4919236   6.783224   2.661168
 [781,]   0.2314137   0.2314137   0.03189818   0.4829166   7.008673   2.657067
 [782,]   0.2356969   0.2356969   0.03484898   0.3537349   6.142469   3.109262
 [783,]   0.2340701   0.2340701   0.03613277   0.3699144   6.081432   3.045609
 [784,]   0.2325495   0.2325495   0.04844376   0.5057447   5.037136   2.617588
 [785,]   0.2324686   0.2324686   0.03232583   0.4924057   6.834094   2.629895
 [786,]   0.2340938   0.2340938   0.03572260   0.3587270   6.066131   3.102131
 [787,]   0.2330007   0.2330007   0.04264882   0.4895062   5.448323   2.675793
 [788,]   0.2320102   0.2320102   0.04773952   0.5246177   5.209680   2.611585
 [789,]   0.2344492   0.2344492   0.03460436   0.3526566   6.279207   3.106504
 [790,]   0.2335643   0.2335643   0.04854512   0.4980151   5.028829   2.645796
 [791,]   0.2340558   0.2340558   0.04436251   0.5123944   5.399353   2.654375
 [792,]   0.2332146   0.2332146   0.04286644   0.4935090   5.542468   2.693687
 [793,]   0.2322450   0.2322450   0.03494482   0.4745321   6.412446   2.678463
 [794,]   0.2370245   0.2370245   0.03753167   0.3692862   5.851335   3.129134
 [795,]   0.2321979   0.2321979   0.03095435   0.5020715   7.224487   2.629550
 [796,]   0.2316512   0.2316512   0.03172653   0.4944419   7.022372   2.644184
 [797,]   0.2333414   0.2333414   0.03331195   0.4897364   6.626496   2.632715
 [798,]   0.2371314   0.2371314   0.03767382   0.3749062   5.851668   3.118755
 [799,]   0.2342851   0.2342851   0.03634098   0.3746303   6.084758   3.030870
 [800,]   0.2333122   0.2333122   0.04330973   0.5019092   5.539572   2.655866
 [801,]   0.2333023   0.2333023   0.04848830   0.4968765   5.041306   2.643193
 [802,]   0.2325065   0.2325065   0.03445830   0.4841425   6.525927   2.673361
 [803,]   0.2307187   0.2307187   0.03121840   0.5115797   7.299569   2.613265
 [804,]   0.2322913   0.2322913   0.04291825   0.4932491   5.535220   2.688175
 [805,]   0.2325422   0.2325422   0.04853363   0.5109968   5.067028   2.616290
 [806,]   0.2351049   0.2351049   0.03676882   0.3724823   5.963359   3.081272
 [807,]   0.2327558   0.2327558   0.04289538   0.4950586   5.566083   2.693290
 [808,]   0.2329627   0.2329627   0.03535558   0.4596233   6.340231   2.726984
 [809,]   0.2347940   0.2347940   0.03349967   0.3898404   6.471554   2.960781
 [810,]   0.2337472   0.2337472   0.02900629   0.4787189   7.560680   2.698077
 [811,]   0.2337169   0.2337169   0.03241028   0.4852612   6.766164   2.648280
 [812,]   0.2326181   0.2326181   0.04945229   0.5180529   5.000614   2.598374
 [813,]   0.2355084   0.2355084   0.03254154   0.3880376   6.376311   2.951241
 [814,]   0.2316673   0.2316673   0.03574835   0.4656812   6.370742   2.677232
 [815,]   0.2332984   0.2332984   0.04375715   0.4961840   5.479888   2.671679
 [816,]   0.2326797   0.2326797   0.03319869   0.3809700   6.659436   2.986095
 [817,]   0.2340272   0.2340272   0.03315843   0.3905326   6.559620   2.975398
 [818,]   0.2305679   0.2305679   0.03035393   0.4893338   7.468713   2.658146
 [819,]   0.2345145   0.2345145   0.03224416   0.3878784   6.657937   2.993706
 [820,]   0.2322380   0.2322380   0.04288262   0.4919007   5.559021   2.686499
 [821,]   0.2360526   0.2360526   0.03605254   0.3781298   6.132873   3.077525
 [822,]   0.2317379   0.2317379   0.03196087   0.4807634   6.993531   2.663639
 [823,]   0.2326202   0.2326202   0.03345469   0.4868632   6.682764   2.644270
 [824,]   0.2319920   0.2319920   0.03521138   0.4877018   6.460763   2.660963
 [825,]   0.2308810   0.2308810   0.03254508   0.4776584   6.888677   2.626358
 [826,]   0.2310806   0.2310806   0.03259406   0.4918538   6.924590   2.648567
 [827,]   0.2342291   0.2342291   0.03237632   0.4990108   6.986337   2.624668
 [828,]   0.2350430   0.2350430   0.03576451   0.3493961   6.068342   3.120579
 [829,]   0.2322532   0.2322532   0.03592582   0.4656471   6.336599   2.668944
 [830,]   0.2340780   0.2340780   0.03549199   0.3724027   6.185167   3.061443
 [831,]   0.2338507   0.2338507   0.03473761   0.3481175   6.355283   3.126367
 [832,]   0.2307904   0.2307904   0.03298920   0.4857551   6.899228   2.656748
 [833,]   0.2335648   0.2335648   0.04199553   0.5035794   5.543044   2.638471
 [834,]   0.2341280   0.2341280   0.03217285   0.3875617   6.662346   2.992375
 [835,]   0.2313938   0.2313938   0.04860761   0.5051561   5.102863   2.630037
 [836,]   0.2330735   0.2330735   0.04208395   0.5052293   5.526586   2.634232
 [837,]   0.2320367   0.2320367   0.03111342   0.5020139   7.118531   2.628685
 [838,]   0.2328560   0.2328560   0.03750932   0.4602538   6.057055   2.715223
 [839,]   0.2313478   0.2313478   0.02993660   0.4923568   7.495553   2.655108
 [840,]   0.2333216   0.2333216   0.03756553   0.4577604   6.061973   2.727301
 [841,]   0.2320859   0.2320859   0.04869299   0.5043261   5.048952   2.613422
 [842,]   0.2320016   0.2320016   0.03018141   0.4847133   7.361942   2.675718
 [843,]   0.2342699   0.2342699   0.04292798   0.4985567   5.451502   2.655111
 [844,]   0.2332334   0.2332334   0.02998648   0.5018782   7.369701   2.641101
 [845,]   0.2351155   0.2351155   0.03286025   0.3845362   6.784437   3.017775
 [846,]   0.2351954   0.2351954   0.03614889   0.3663213   6.175340   3.096918
 [847,]   0.2320273   0.2320273   0.03587656   0.4549905   6.307535   2.762860
 [848,]   0.2311655   0.2311655   0.03213719   0.4816826   6.944856   2.618802
 [849,]   0.2366433   0.2366433   0.03717305   0.3715904   5.861890   3.123473
 [850,]   0.2331424   0.2331424   0.04225952   0.4929469   5.594121   2.697714
 [851,]   0.2322940   0.2322940   0.04781933   0.5242820   5.217675   2.618907
 [852,]   0.2315200   0.2315200   0.03257213   0.4926588   6.951707   2.651278
 [853,]   0.2353312   0.2353312   0.03624242   0.3667597   6.164584   3.095549
 [854,]   0.2330145   0.2330145   0.04715886   0.5226826   5.248359   2.623133
 [855,]   0.2326370   0.2326370   0.04462088   0.5028584   5.333695   2.603038
 [856,]   0.2336163   0.2336163   0.04378945   0.5115166   5.471841   2.658644
 [857,]   0.2323267   0.2323267   0.03158057   0.5017358   7.016658   2.611798
 [858,]   0.2335634   0.2335634   0.03483605   0.3922895   6.450464   2.974607
 [859,]   0.2337975   0.2337975   0.04738453   0.5215731   5.124893   2.588575
 [860,]   0.2315303   0.2315303   0.04428244   0.4998140   5.377696   2.594662
 [861,]   0.2328206   0.2328206   0.04479668   0.5016065   5.337481   2.606083
 [862,]   0.2314848   0.2314848   0.03235468   0.4868050   6.925330   2.623467
 [863,]   0.2345082   0.2345082   0.03489049   0.3564125   6.222871   3.105206
 [864,]   0.2317473   0.2317473   0.03621523   0.4528475   6.310860   2.768650
 [865,]   0.2313510   0.2313510   0.03240460   0.4834830   6.997381   2.659172
 [866,]   0.2325347   0.2325347   0.04240129   0.4931776   5.510941   2.684430
 [867,]   0.2320893   0.2320893   0.03227720   0.4833061   6.920347   2.616256
 [868,]   0.2336143   0.2336143   0.04268656   0.4825396   5.456277   2.681047
 [869,]   0.2337753   0.2337753   0.03257383   0.3833937   6.738777   3.005499
 [870,]   0.2366071   0.2366071   0.03526291   0.3529130   6.075459   3.111871
 [871,]   0.2322493   0.2322493   0.04334774   0.5040114   5.476274   2.633480
 [872,]   0.2329648   0.2329648   0.03438100   0.3774369   6.405628   3.007260
 [873,]   0.2334229   0.2334229   0.03506336   0.3548539   6.416747   3.118565
 [874,]   0.2335909   0.2335909   0.04280387   0.5002333   5.510156   2.653669
 [875,]   0.2309732   0.2309732   0.04680286   0.5079458   5.210430   2.590415
 [876,]   0.2358940   0.2358940   0.03677876   0.3777499   6.009634   3.097276
 [877,]   0.2317026   0.2317026   0.03188386   0.5037181   6.973875   2.594678
 [878,]   0.2325090   0.2325090   0.03678637   0.4564842   6.240334   2.761150
 [879,]   0.2356948   0.2356948   0.03520618   0.3546159   6.113443   3.110616
 [880,]   0.2347151   0.2347151   0.03477904   0.3835354   6.360120   3.043968
 [881,]   0.2309311   0.2309311   0.03086802   0.5018270   7.390604   2.640242
 [882,]   0.2337697   0.2337697   0.04278112   0.4971126   5.562109   2.679804
 [883,]   0.2347184   0.2347184   0.03405058   0.3804547   6.371448   3.038785
 [884,]   0.2353150   0.2353150   0.03759834   0.3704985   6.044030   3.131915
 [885,]   0.2338096   0.2338096   0.04274128   0.4863450   5.479071   2.684097
 [886,]   0.2325455   0.2325455   0.03535467   0.4607191   6.306729   2.721960
 [887,]   0.2313928   0.2313928   0.03515391   0.4690335   6.378436   2.689350
 [888,]   0.2344039   0.2344039   0.04142632   0.4872499   5.632136   2.672197
 [889,]   0.2360315   0.2360315   0.03537203   0.3544701   6.131390   3.111256
 [890,]   0.2345028   0.2345028   0.03303626   0.3846545   6.721317   3.000268
 [891,]   0.2313535   0.2313535   0.03363022   0.4883018   6.717587   2.644912
 [892,]   0.2324770   0.2324770   0.04186234   0.4854362   5.592582   2.689761
 [893,]   0.2357318   0.2357318   0.03524631   0.3704918   6.026455   3.093236
 [894,]   0.2333688   0.2333688   0.03442181   0.3920411   6.448250   2.977720
 [895,]   0.2319796   0.2319796   0.04828744   0.5278293   5.224178   2.615755
 [896,]   0.2343733   0.2343733   0.03437562   0.3853629   6.391802   3.047410
 [897,]   0.2326733   0.2326733   0.03348827   0.4930207   6.676202   2.634909
 [898,]   0.2325173   0.2325173   0.04322451   0.4850409   5.435801   2.690636
 [899,]   0.2353492   0.2353492   0.03470188   0.3539970   6.369859   3.140016
 [900,]   0.2368384   0.2368384   0.03726197   0.3705095   5.834793   3.127516
 [901,]   0.2352446   0.2352446   0.03341662   0.3825609   6.461584   3.002318
 [902,]   0.2326876   0.2326876   0.04323049   0.5015636   5.439530   2.617041
 [903,]   0.2310762   0.2310762   0.04684276   0.5079663   5.232454   2.605002
 [904,]   0.2324636   0.2324636   0.04268222   0.5027936   5.481184   2.613713
 [905,]   0.2346849   0.2346849   0.03426336   0.3504224   6.330602   3.132575
 [906,]   0.2376808   0.2376808   0.03708951   0.3708170   5.860206   3.113387
 [907,]   0.2326693   0.2326693   0.04267765   0.4865406   5.485171   2.668960
 [908,]   0.2341471   0.2341471   0.03529280   0.4570319   6.302237   2.735972
 [909,]   0.2330249   0.2330249   0.04335626   0.4973537   5.409636   2.666547
 [910,]   0.2367393   0.2367393   0.03727780   0.3713064   5.832317   3.122591
 [911,]   0.2317205   0.2317205   0.03631034   0.4560969   6.303566   2.761101
 [912,]   0.2330159   0.2330159   0.03426162   0.4779834   6.423771   2.652319
 [913,]   0.2335858   0.2335858   0.04214050   0.4877973   5.514993   2.677968
 [914,]   0.2337812   0.2337812   0.03353284   0.3914616   6.544778   2.973051
 [915,]   0.2346435   0.2346435   0.03552960   0.3770351   6.161501   3.072139
 [916,]   0.2340104   0.2340104   0.03269091   0.3846261   6.590906   3.007100
 [917,]   0.2331143   0.2331143   0.03528047   0.4603492   6.328959   2.726881
 [918,]   0.2315592   0.2315592   0.03231515   0.4929070   6.987592   2.648713
 [919,]   0.2333932   0.2333932   0.03218802   0.4922510   6.867255   2.624579
 [920,]   0.2306063   0.2306063   0.03238185   0.4838153   6.961638   2.625597
 [921,]   0.2318254   0.2318254   0.03114447   0.5030361   7.133585   2.629064
 [922,]   0.2350773   0.2350773   0.04179243   0.4879878   5.524067   2.681676
 [923,]   0.2324146   0.2324146   0.03129761   0.4943220   7.094527   2.651873
 [924,]   0.2306474   0.2306474   0.03509300   0.4663354   6.377779   2.678327
 [925,]   0.2350689   0.2350689   0.03546565   0.3732870   6.136605   3.072070
 [926,]   0.2304467   0.2304467   0.04844171   0.5235502   5.140922   2.603444
 [927,]   0.2353969   0.2353969   0.03254495   0.3840789   6.591809   3.012807
 [928,]   0.2315696   0.2315696   0.03521771   0.4644900   6.385100   2.681653
 [929,]   0.2344356   0.2344356   0.03345363   0.3829620   6.478702   3.021130
 [930,]   0.2335036   0.2335036   0.03482895   0.3521616   6.335849   3.119137
 [931,]   0.2322675   0.2322675   0.04991816   0.5115233   4.960445   2.603869
 [932,]   0.2339903   0.2339903   0.03472370   0.3518923   6.347710   3.138676
 [933,]   0.2331977   0.2331977   0.03484362   0.3529636   6.329846   3.122036
 [934,]   0.2341541   0.2341541   0.04235960   0.4926870   5.487018   2.683351
 [935,]   0.2343521   0.2343521   0.03480161   0.3912752   6.397048   2.984512
 [936,]   0.2325064   0.2325064   0.03063452   0.5052986   7.314033   2.632727
 [937,]   0.2352861   0.2352861   0.03467971   0.3536220   6.346934   3.145814
 [938,]   0.2361787   0.2361787   0.03719175   0.3704660   5.841292   3.106546
 [939,]   0.2329007   0.2329007   0.04412873   0.5124191   5.475636   2.618476
 [940,]   0.2363604   0.2363604   0.03306950   0.3939342   6.500146   3.009854
 [941,]   0.2336532   0.2336532   0.02982486   0.5005488   7.392896   2.645141
 [942,]   0.2316725   0.2316725   0.04982687   0.5109548   4.911174   2.584903
 [943,]   0.2325177   0.2325177   0.04281769   0.4945893   5.557586   2.685372
 [944,]   0.2311211   0.2311211   0.03191603   0.4812743   6.994105   2.663460
 [945,]   0.2332577   0.2332577   0.03442077   0.3770207   6.455561   3.003762
 [946,]   0.2332550   0.2332550   0.03457100   0.4843226   6.540115   2.673341
 [947,]   0.2335082   0.2335082   0.04217080   0.4875746   5.505616   2.675742
 [948,]   0.2314635   0.2314635   0.03509034   0.4741328   6.406136   2.663777
 [949,]   0.2325652   0.2325652   0.03077994   0.5056838   7.201508   2.616393
 [950,]   0.2337223   0.2337223   0.04299313   0.4959028   5.445452   2.666128
 [951,]   0.2332192   0.2332192   0.04853655   0.5228477   5.060788   2.592291
 [952,]   0.2331673   0.2331673   0.04374015   0.5076146   5.452463   2.660935
 [953,]   0.2323030   0.2323030   0.03598812   0.4553287   6.277753   2.761020
 [954,]   0.2342024   0.2342024   0.04269089   0.4957765   5.566806   2.681542
 [955,]   0.2348218   0.2348218   0.03729656   0.3699852   6.016259   3.086161
 [956,]   0.2350952   0.2350952   0.03624320   0.3584016   6.069563   3.101126
 [957,]   0.2325701   0.2325701   0.03409627   0.4909854   6.629940   2.638047
 [958,]   0.2357109   0.2357109   0.03494678   0.3539767   6.114197   3.108036
 [959,]   0.2334294   0.2334294   0.04195853   0.4765196   5.545222   2.696947
 [960,]   0.2338854   0.2338854   0.03324238   0.3877731   6.510571   2.948115
 [961,]   0.2327732   0.2327732   0.04912780   0.5105645   5.013228   2.613283
 [962,]   0.2324086   0.2324086   0.03145518   0.4930774   7.093203   2.660844
 [963,]   0.2322579   0.2322579   0.04870030   0.5045333   5.064122   2.609035
 [964,]   0.2321859   0.2321859   0.04350239   0.5100457   5.503799   2.616923
 [965,]   0.2347198   0.2347198   0.03338331   0.3925169   6.483862   2.969751
 [966,]   0.2333970   0.2333970   0.04226292   0.4898519   5.505349   2.675377
 [967,]   0.2311014   0.2311014   0.03239895   0.4947537   6.975326   2.638778
 [968,]   0.2319089   0.2319089   0.03442224   0.4849108   6.450099   2.652415
 [969,]   0.2343174   0.2343174   0.04279395   0.4844748   5.426073   2.676895
 [970,]   0.2334046   0.2334046   0.04344619   0.4996259   5.420616   2.674132
 [971,]   0.2343901   0.2343901   0.03693567   0.3705892   6.092737   3.062022
 [972,]   0.2355383   0.2355383   0.03549708   0.3560285   6.112576   3.108985
 [973,]   0.2335658   0.2335658   0.04779962   0.5219000   5.118722   2.585976
 [974,]   0.2328027   0.2328027   0.04251906   0.4879443   5.503825   2.677930
 [975,]   0.2320351   0.2320351   0.03027817   0.4859471   7.355245   2.674539
 [976,]   0.2349948   0.2349948   0.03431991   0.3503416   6.335605   3.130882
 [977,]   0.2323241   0.2323241   0.03685240   0.4688370   6.269521   2.717974
 [978,]   0.2323756   0.2323756   0.03048337   0.5016484   7.308550   2.645011
 [979,]   0.2321243   0.2321243   0.04556204   0.5047007   5.330400   2.612644
 [980,]   0.2318253   0.2318253   0.03626790   0.4554960   6.290117   2.759380
 [981,]   0.2323421   0.2323421   0.04956607   0.5087596   4.932295   2.590442
 [982,]   0.2341808   0.2341808   0.03455616   0.3905545   6.530592   2.980263
 [983,]   0.2370426   0.2370426   0.03523403   0.3690634   6.127446   3.105767
 [984,]   0.2360697   0.2360697   0.03696716   0.3783508   6.006204   3.100682
 [985,]   0.2321159   0.2321159   0.03049174   0.5039548   7.303937   2.642181
 [986,]   0.2341195   0.2341195   0.03374712   0.3719389   6.483767   3.035376
 [987,]   0.2336803   0.2336803   0.04260740   0.5051194   5.492042   2.631366
 [988,]   0.2334768   0.2334768   0.04360518   0.5062110   5.483890   2.656763
 [989,]   0.2323875   0.2323875   0.03706251   0.4661179   6.159637   2.711164
 [990,]   0.2327093   0.2327093   0.04314507   0.4846414   5.441828   2.682639
 [991,]   0.2330567   0.2330567   0.04160935   0.4863731   5.580435   2.693218
 [992,]   0.2332238   0.2332238   0.03646211   0.3697387   6.104065   3.049699
 [993,]   0.2329890   0.2329890   0.04291187   0.5024666   5.521624   2.650913
 [994,]   0.2342570   0.2342570   0.03481261   0.3888399   6.376005   2.983653
 [995,]   0.2324670   0.2324670   0.03122438   0.4968442   7.076650   2.654001
 [996,]   0.2352341   0.2352341   0.03591688   0.3768766   6.020007   3.068608
 [997,]   0.2352090   0.2352090   0.03237133   0.3873493   6.579032   2.971436
 [998,]   0.2340055   0.2340055   0.04192339   0.4765643   5.514643   2.691207
 [999,]   0.2328348   0.2328348   0.04189784   0.4851767   5.591312   2.684949
[1000,]   0.2351337   0.2351337   0.03569948   0.3496077   6.064300   3.120533
