   [1]   1.405290   1.407111   1.401874   1.395053   1.379878   1.381562
   [7]   1.373253   1.388844   1.401451   1.394012   1.403058   1.406427
  [13]   1.416707   1.410432   1.413155   1.413946   1.418232   1.419492
  [19]   1.410234   1.410970   1.407514   1.413251   1.409251   1.413624
  [25]   1.422190   1.414315   1.400612   1.401239   1.391379   1.386080
  [31]   1.380165   1.375619   1.375489   1.368616   1.371619   1.372062
  [37]   1.374157   1.377139   1.376621   1.373161   1.366072   1.380590
  [43]   1.380600   1.377909   1.383678   1.385343   1.378318   1.390345
  [49]   1.390690   1.392099   1.380894   1.389994   1.395136   1.400935
  [55]   1.410960   1.407364   1.404358   1.401173   1.400513   1.399408
  [61]   1.410780   1.413149   1.416218   1.421536   1.416913   1.418037
  [67]   1.420346   1.419045   1.421174   1.421136   1.406289   1.403280
  [73]   1.410615   1.424266   1.422695   1.413495   1.409966   1.399243
  [79]   1.394911   1.402215   1.403128   1.402148   1.397537   1.386204
  [85]   1.388637   1.386215   1.396268   1.393553   1.396024   1.384282
  [91]   1.388034   1.393093   1.372716   1.368899   1.364070   1.365072
  [97]   1.359130   1.367223   1.361142   1.357287   1.346971   1.338492
 [103]   1.336193   1.335168   1.340037   1.332867   1.316868   1.321321
 [109]   1.314269   1.314217   1.315933   1.316506   1.318526   1.316123
 [115]   1.318151   1.318292   1.320620   1.310902   1.305273   1.314208
 [121]   1.302967   1.297482   1.299673   1.301813   1.303738   1.293630
 [127]   1.286067   1.278713   1.283752   1.278350   1.272679   1.265336
 [133]   1.266993   1.263156   1.261983   1.265357   1.272858   1.285550
 [139]   1.292901   1.294535   1.302856   1.307348   1.313223   1.317654
 [145]   1.311458   1.304743   1.292860   1.292239   1.303800   1.300094
 [151]   1.299238   1.291222   1.298052   1.298970   1.299259   1.292062
 [157]   1.295411   1.295087   1.297131   1.306216   1.302682   1.303955
 [163]   1.304796   1.298565   1.304947   1.300252   1.308971   1.305901
 [169]   1.295571   1.301796   1.307055   1.321445   1.327484   1.327083
 [175]   1.326505   1.321288   1.321530   1.324911   1.325112   1.328596
 [181]   1.332699   1.334274   1.327986   1.334773   1.334525   1.329295
 [187]   1.328361   1.332353   1.332798   1.336838   1.350776   1.350811
 [193]   1.346584   1.340138   1.337769   1.328606   1.333162   1.338307
 [199]   1.335450   1.346399   1.344327   1.341902   1.340405   1.357200
 [205]   1.354967   1.354083   1.350026   1.347132   1.343548   1.341885
 [211]   1.335248   1.339177   1.342349   1.341917   1.353286   1.346854
 [217]   1.346244   1.358511   1.360926   1.373330   1.370611   1.372715
 [223]   1.373279   1.367147   1.361480   1.365260   1.356561   1.363033
 [229]   1.365802   1.363787   1.366367   1.363510   1.364639   1.364621
 [235]   1.370400   1.369917   1.372426   1.383605   1.375552   1.373974
 [241]   1.369943   1.371759   1.377807   1.379425   1.392774   1.388279
 [247]   1.396746   1.392097   1.388212   1.390961   1.389546   1.384982
 [253]   1.384642   1.388461   1.384754   1.380426   1.381787   1.383038
 [259]   1.386669   1.382583   1.381903   1.387256   1.377296   1.374477
 [265]   1.388344   1.385996   1.387673   1.381237   1.393282   1.388411
 [271]   1.379309   1.375290   1.360410   1.348197   1.338969   1.347697
 [277]   1.358300   1.356719   1.362018   1.352412   1.336964   1.330915
 [283]   1.344819   1.339949   1.341044   1.333392   1.337647   1.345668
 [289]   1.345403   1.350329   1.350599   1.349523   1.351603   1.345332
 [295]   1.343404   1.343317   1.327803   1.318487   1.320251   1.304177
 [301]   1.309022   1.301911   1.304606   1.312964   1.303292   1.302763
 [307]   1.293930   1.305289   1.300421   1.288915   1.281717   1.288364
 [313]   1.287181   1.285375   1.291683   1.297693   1.288626   1.298239
 [319]   1.304947   1.297415   1.288932   1.283010   1.286211   1.301767
 [325]   1.284299   1.277932   1.271626   1.266402   1.268145   1.269112
 [331]   1.274848   1.281104   1.277247   1.274420   1.289023   1.286613
 [337]   1.284999   1.285520   1.293704   1.296205   1.280076   1.278541
 [343]   1.275945   1.271733   1.270937   1.267928   1.265907   1.264858
 [349]   1.265470   1.260408   1.260630   1.255363   1.262495   1.274396
 [355]   1.271198   1.268166   1.270925   1.272769   1.269420   1.265025
 [361]   1.262900   1.271426   1.275981   1.269819   1.286200   1.288509
 [367]   1.282756   1.277903   1.270836   1.274747   1.267955   1.268372
 [373]   1.267186   1.268069   1.266360   1.277015   1.285059   1.282862
 [379]   1.286832   1.291017   1.289788   1.293063   1.286561   1.282533
 [385]   1.284031   1.278669   1.271376   1.276895   1.282556   1.290129
 [391]   1.300898   1.282630   1.286940   1.275016   1.265004   1.275821
 [397]   1.272667   1.283051   1.293549   1.289800   1.283003   1.289827
 [403]   1.295983   1.303812   1.299361   1.304400   1.309159   1.310029
 [409]   1.309044   1.309808   1.322804   1.316216   1.321190   1.314673
 [415]   1.318213   1.319396   1.316755   1.314866   1.319163   1.319213
 [421]   1.298214   1.311447   1.311877   1.294209   1.298768   1.301219
 [427]   1.307856   1.297949   1.295653   1.293062   1.302985   1.290335
 [433]   1.286021   1.283054   1.289594   1.294386   1.302795   1.300969
 [439]   1.289954   1.279935   1.282393   1.283187   1.294968   1.288504
 [445]   1.290317   1.295009   1.299655   1.296981   1.293479   1.295644
 [451]   1.297564   1.305969   1.307712   1.313709   1.314199   1.310680
 [457]   1.317943   1.320496   1.316554   1.331480   1.327836   1.320696
 [463]   1.318339   1.322155   1.320157   1.310159   1.295736   1.293564
 [469]   1.290344   1.291187   1.296595   1.295524   1.292667   1.290395
 [475]   1.286494   1.279432   1.281866   1.284750   1.277463   1.279716
 [481]   1.276078   1.285747   1.294006   1.295341   1.300909   1.303085
 [487]   1.302338   1.308057   1.323423   1.315082   1.313044   1.316818
 [493]   1.318599   1.311643   1.301605   1.295939   1.285423   1.284422
 [499]   1.278896   1.278762   1.286826   1.291361   1.286811   1.286810
 [505]   1.283023   1.282215   1.286341   1.290542   1.295480   1.288128
 [511]   1.289393   1.289395   1.291615   1.281215   1.284389   1.287813
 [517]   1.294169   1.300249   1.288272   1.287275   1.292580   1.286683
 [523]   1.286549   1.291052   1.285567   1.290227   1.299084   1.305015
 [529]   1.300675   1.304901   1.309648   1.313755   1.310670   1.299701
 [535]   1.298477   1.305176   1.306574   1.303848   1.302921   1.293470
 [541]   1.292832   1.289700   1.298559   1.298953   1.309770   1.309286
 [547]   1.301196   1.298356   1.294274   1.296258   1.299468   1.298643
 [553]   1.296964   1.293613   1.296853   1.296073   1.276994   1.268717
 [559]   1.263950   1.261173   1.262343   1.257085   1.261012   1.266640
 [565]   1.265699   1.270129   1.274956   1.281162   1.275032   1.266950
 [571]   1.259625   1.250067   1.251716   1.242483   1.236177   1.225504
 [577]   1.238051   1.241875   1.254138   1.252367   1.245196   1.232371
 [583]   1.229166   1.217564   1.217230   1.210592   1.214542   1.211392
 [589]   1.213817   1.215442   1.226694   1.220946   1.213099   1.210100
 [595]   1.210827   1.225783   1.217597   1.221368   1.231022   1.237180
 [601]   1.240101   1.253226   1.258790   1.246368   1.237205   1.243442
 [607]   1.253493   1.261359   1.268697   1.270495   1.275108   1.269657
 [613]   1.269659   1.263895   1.259721   1.249857   1.242362   1.245413
 [619]   1.242381   1.252737   1.247103   1.240259   1.247999   1.247134
 [625]   1.241152   1.246950   1.255299   1.247409   1.241733   1.247850
 [631]   1.247680   1.249819   1.258408   1.252077   1.257778   1.256271
 [637]   1.254529   1.257819   1.263601   1.265992   1.267011   1.262522
 [643]   1.263944   1.268633   1.279871   1.283445   1.290757   1.293278
 [649]   1.284433   1.292797   1.304598   1.301625   1.301505   1.293138
 [655]   1.287656   1.288725   1.292407   1.292247   1.282999   1.280656
 [661]   1.283652   1.284014   1.276492   1.287981   1.282180   1.278284
 [667]   1.281203   1.272767   1.269979   1.269430   1.260678   1.254242
 [673]   1.252397   1.252565   1.253882   1.254971   1.256571   1.255038
 [679]   1.250531   1.256612   1.254035   1.248913   1.248161   1.251777
 [685]   1.249889   1.249364   1.247726   1.243390   1.232974   1.224756
 [691]   1.222262   1.225568   1.215200   1.217942   1.215191   1.221773
 [697]   1.228686   1.219573   1.217232   1.231065   1.224224   1.224369
 [703]   1.224708   1.232279   1.228023   1.230066   1.227757   1.233556
 [709]   1.220680   1.220898   1.219712   1.210942   1.226322   1.234012
 [715]   1.221524   1.221496   1.221895   1.224567   1.215736   1.230184
 [721]   1.227832   1.227600   1.229430   1.236870   1.239145   1.238232
 [727]   1.239462   1.244922   1.246011   1.246238   1.251564   1.248369
 [733]   1.234654   1.234628   1.236771   1.231071   1.231745   1.230065
 [739]   1.228071   1.231336   1.222869   1.230502   1.224708   1.229657
 [745]   1.234012   1.248589   1.254350   1.261711   1.260339   1.268258
 [751]   1.252550   1.254510   1.254470   1.250811   1.250525   1.264536
 [757]   1.260868   1.268588   1.267044   1.265135   1.267848   1.271761
 [763]   1.273579   1.263835   1.264855   1.277842   1.283581   1.291244
 [769]   1.285931   1.287508   1.294125   1.308353   1.311297   1.309843
 [775]   1.314582   1.316248   1.318364   1.314067   1.311960   1.321427
 [781]   1.318281   1.326010   1.320768   1.320707   1.320804   1.327318
 [787]   1.329652   1.335889   1.319547   1.311597   1.316248   1.312208
 [793]   1.325335   1.329694   1.333498   1.339223   1.343612   1.331997
 [799]   1.333982   1.331333   1.321751   1.324225   1.322396   1.316993
 [805]   1.324038   1.334540   1.343361   1.345028   1.348190   1.352876
 [811]   1.346223   1.347412   1.335960   1.338562   1.332166   1.335736
 [817]   1.338596   1.344537   1.356283   1.355575   1.356699   1.357725
 [823]   1.355373   1.348127   1.330323   1.335518   1.338514   1.322613
 [829]   1.331143   1.320485   1.323971   1.331559   1.329974   1.334472
 [835]   1.323355   1.315840   1.311196   1.316951   1.318297   1.319602
 [841]   1.329532   1.336498   1.330442   1.329138   1.334792   1.331938
 [847]   1.331334   1.330039   1.334898   1.335654   1.332659   1.333558
 [853]   1.318090   1.328876   1.325275   1.313739   1.312304   1.307046
 [859]   1.302115   1.295443   1.297582   1.290654   1.285596   1.290757
 [865]   1.291166   1.297008   1.291497   1.296512   1.290769   1.288246
 [871]   1.282711   1.279510   1.286407   1.280906   1.264721   1.265535
 [877]   1.265901   1.276030   1.273276   1.267904   1.255167   1.261311
 [883]   1.262805   1.260611   1.254679   1.254200   1.267356   1.261745
 [889]   1.258466   1.258420   1.258253   1.252557   1.257410   1.265839
 [895]   1.268147   1.264897   1.254411   1.248973   1.252048   1.254816
 [901]   1.247921   1.247151   1.252519   1.252209   1.245647   1.242984
 [907]   1.243472   1.246040   1.239315   1.244088   1.237342   1.229120
 [913]   1.218798   1.207912   1.209027   1.214104   1.206292   1.203504
 [919]   1.201060   1.206377   1.207050   1.208701   1.213193   1.204306
 [925]   1.211847   1.204930   1.207500   1.210487   1.213056   1.212483
 [931]   1.225393   1.231138   1.226293   1.222433   1.223123   1.236748
 [937]   1.231776   1.236391   1.241499   1.255618   1.251051   1.254741
 [943]   1.261881   1.260244   1.255581   1.253208   1.248382   1.253183
 [949]   1.256683   1.250554   1.247522   1.257497   1.252207   1.247488
 [955]   1.244635   1.239144   1.245811   1.241801   1.246458   1.246327
 [961]   1.247365   1.248418   1.246032   1.233819   1.234101   1.224663
 [967]   1.225948   1.220439   1.221832   1.227963   1.238262   1.246598
 [973]   1.241071   1.247003   1.254088   1.247464   1.237359   1.238232
 [979]   1.246755   1.257690   1.250038   1.246296   1.239048   1.235221
 [985]   1.234372   1.234179   1.234194   1.233533   1.235688   1.238505
 [991]   1.250436   1.245936   1.241374   1.242122   1.242273   1.252462
 [997]   1.253346   1.263754   1.272555   1.270044
 [ reached getOption("max.print") -- omitted 299000 entries ]
