                  e0_1        e0_2        ga_1
   [1,]   1.002691e-02   0.1887238   0.5483223
   [2,]   4.755858e-03   0.1595831   1.4789395
   [3,]   6.837118e-03   0.1668000   0.3889805
   [4,]   3.843474e-03   0.1492071   0.3869406
   [5,]   5.561721e-03   0.1577420   1.4782511
   [6,]   1.039579e-02   0.2008857   0.5477480
   [7,]   1.207921e-04   0.1873509   1.4772867
   [8,]   1.181114e-02   0.1675095   1.5109237
   [9,]   8.921142e-03   0.1642573   1.5137256
  [10,]   1.002948e-02   0.1697329   0.5481214
  [11,]   8.092569e-03   0.1839049   0.5379273
  [12,]   6.449194e-03   0.1551439   1.4975758
  [13,]   3.910951e-03   0.1557733   1.4775321
  [14,]   1.253028e-02   0.1870866   0.5409821
  [15,]   6.377067e-03   0.1581121   0.3827067
  [16,]   7.696525e-03   0.1731314   0.3860426
  [17,]   1.662071e-03   0.1570070   0.3839515
  [18,]   3.449532e-03   0.1933743   0.3843929
  [19,]   4.378813e-03   0.1792723   1.4881809
  [20,]   3.558991e-04   0.1702751   0.3827079
  [21,]   6.587288e-03   0.1752441   0.5353452
  [22,]   5.028371e-04   0.1726355   0.3842297
  [23,]   1.080664e-02   0.1751315   0.3897615
  [24,]   1.041391e-02   0.1860491   0.5402657
  [25,]   9.803719e-04   0.1728547   0.3829984
  [26,]   8.808511e-04   0.1526152   0.3849227
  [27,]   3.335148e-03   0.1826841   1.4789470
  [28,]   5.480615e-04   0.1613004   0.3874721
  [29,]   2.294990e-03   0.1729015   0.5414693
  [30,]   1.662718e-02   0.1680099   1.5007509
  [31,]   1.664865e-02   0.1820362   1.5178866
  [32,]   3.242391e-03   0.1788057   0.3828077
  [33,]   8.091749e-03   0.1723925   0.5457983
  [34,]   2.189615e-02   0.1673607   1.5163675
  [35,]   2.814039e-03   0.1819646   0.5414037
  [36,]   1.008289e-02   0.1700250   0.5469408
  [37,]   2.287150e-03   0.1879468   0.5486645
  [38,]   1.780468e-02   0.1622628   1.5052220
  [39,]   3.389413e-03   0.1595630   0.3824991
  [40,]   6.781307e-03   0.1697588   1.4985121
  [41,]   1.210891e-02   0.1776949   0.5554951
  [42,]   6.534009e-03   0.1730593   0.5355167
  [43,]   1.046670e-02   0.1695393   1.5049059
  [44,]   1.567156e-03   0.1586058   0.3899287
  [45,]   5.567184e-04   0.1811553   0.5384478
  [46,]   7.458731e-03   0.1823310   0.5407894
  [47,]   2.140310e-02   0.1755735   1.5175059
  [48,]   1.626570e-03   0.1696104   0.5383499
  [49,]   6.649441e-03   0.1751386   0.5353865
  [50,]   5.425392e-04   0.1547023   0.3829212
  [51,]   5.333051e-03   0.1661332   0.3846460
  [52,]   1.094134e-02   0.1925038   1.4764018
  [53,]   4.188859e-03   0.1689193   0.3829573
  [54,]   7.551831e-03   0.1803759   0.5417948
  [55,]   7.122513e-03   0.1712396   0.3895418
  [56,]   2.121083e-03   0.1689026   0.3836260
  [57,]   3.960087e-03   0.1632563   0.5491052
  [58,]   3.412972e-03   0.1911510   0.5412495
  [59,]   6.521028e-03   0.1701841   0.5356922
  [60,]   1.609896e-02   0.1753389   0.5564420
  [61,]   2.826340e-03   0.1663835   1.4969817
  [62,]   6.983018e-03   0.1616770   0.3889629
  [63,]   1.216057e-03   0.1732676   0.3830585
  [64,]   7.904545e-03   0.1719602   0.5380139
  [65,]   3.295093e-03   0.1588583   0.5466592
  [66,]   7.314538e-03   0.1771491   1.4956080
  [67,]   8.043477e-03   0.1701296   0.3881062
  [68,]   3.970980e-03   0.1787924   1.4802808
  [69,]   2.947626e-03   0.1594082   1.4806892
  [70,]   9.780651e-04   0.1690952   0.5569144
  [71,]   9.495197e-03   0.1911371   0.5476355
  [72,]   5.927860e-03   0.1698117   0.3827994
  [73,]   9.533314e-03   0.1638043   1.5147342
  [74,]   1.149426e-03   0.1763457   1.5177851
  [75,]   2.042622e-02   0.1480689   1.4858444
  [76,]   8.109417e-03   0.1685136   0.5467330
  [77,]   3.181561e-03   0.1617406   0.3837675
  [78,]   6.044767e-03   0.1687926   0.3847308
  [79,]   8.972424e-05   0.1777962   0.3835158
  [80,]   1.016487e-02   0.1805247   0.5483588
  [81,]   1.220755e-02   0.1635991   0.5480713
  [82,]   1.863899e-03   0.1553218   0.5526565
  [83,]   5.628443e-03   0.1715620   1.4884292
  [84,]   3.697444e-05   0.1785107   0.3818027
  [85,]   8.737661e-03   0.1774489   0.5484483
  [86,]   1.241668e-02   0.1593434   1.5171197
  [87,]   7.140073e-03   0.1801441   0.5358194
  [88,]   1.522277e-03   0.1609396   0.3791853
  [89,]   4.342577e-04   0.1878885   1.4780430
  [90,]   1.158321e-03   0.1599460   1.4763476
  [91,]   8.908480e-03   0.1757986   0.5475302
  [92,]   1.848560e-03   0.1823365   1.4787785
  [93,]   1.185987e-02   0.1688579   0.5481515
  [94,]   6.735338e-03   0.1811597   0.5528530
  [95,]   6.110439e-03   0.1625493   0.3828303
  [96,]   8.268403e-04   0.1760817   1.4788169
  [97,]   3.341191e-03   0.1607742   1.4789940
  [98,]   1.021757e-02   0.1614841   0.5418736
  [99,]   3.791001e-03   0.1632420   0.3828545
 [100,]   6.372576e-03   0.1665975   0.3871449
 [101,]   7.984294e-03   0.1796672   0.5411312
 [102,]   9.322015e-03   0.1769002   0.5468679
 [103,]   1.038088e-02   0.1545880   0.5482796
 [104,]   7.738402e-03   0.1712862   0.3879436
 [105,]   9.149750e-04   0.1629607   0.3843530
 [106,]   2.239160e-03   0.1645409   0.3813794
 [107,]   1.395427e-02   0.1838047   1.5160554
 [108,]   7.280010e-03   0.1784358   0.3852447
 [109,]   5.046835e-03   0.1784529   0.3832235
 [110,]   8.072330e-03   0.1991735   0.5425119
 [111,]   1.101862e-03   0.1829364   1.5057060
 [112,]   7.649057e-03   0.1877266   0.3882818
 [113,]   8.816763e-04   0.1832004   1.4785880
 [114,]   8.873278e-05   0.1547782   0.3832233
 [115,]   5.612976e-04   0.1546467   1.4786896
 [116,]   8.167245e-03   0.1755274   0.5371960
 [117,]   1.445910e-02   0.1735338   0.5527733
 [118,]   1.375073e-02   0.1632669   1.4980534
 [119,]   3.563479e-03   0.1711803   1.5101845
 [120,]   3.708619e-03   0.1809609   0.5537099
 [121,]   1.316394e-03   0.1662312   1.5152588
 [122,]   4.344764e-03   0.1560818   0.3827813
 [123,]   8.328560e-03   0.1771769   0.5357267
 [124,]   1.362961e-03   0.1641266   0.5515006
 [125,]   2.449370e-02   0.1641147   1.4879667
 [126,]   1.038230e-02   0.1549273   0.5481786
 [127,]   1.148222e-03   0.1724602   0.5434208
 [128,]   7.930286e-03   0.2008419   0.3881359
 [129,]   7.303195e-03   0.1829472   0.3861009
 [130,]   3.280799e-03   0.1788265   0.3842237
 [131,]   4.281797e-03   0.1613804   1.4788619
 [132,]   3.206464e-03   0.1885051   0.3832209
 [133,]   5.317583e-03   0.1620706   1.4877779
 [134,]   1.116213e-02   0.1761741   0.5415598
 [135,]   4.477480e-03   0.1564187   1.4781788
 [136,]   1.235302e-03   0.1756153   0.3824979
 [137,]   7.095599e-04   0.1573636   0.3817401
 [138,]   2.784413e-04   0.1781431   1.4784656
 [139,]   4.998470e-03   0.1621587   1.4883082
 [140,]   6.161874e-03   0.1639047   0.3829531
 [141,]   2.496168e-03   0.1700605   0.5519360
 [142,]   1.936210e-04   0.1752936   0.5499192
 [143,]   7.218889e-03   0.1579368   0.3861568
 [144,]   6.385852e-03   0.1717537   0.3832041
 [145,]   6.137938e-03   0.1735576   0.3816445
 [146,]   7.080482e-03   0.1858832   1.4777182
 [147,]   2.206224e-03   0.1637786   1.4881253
 [148,]   3.709381e-03   0.1700313   0.3856664
 [149,]   6.868461e-03   0.1702399   0.3887681
 [150,]   1.092981e-02   0.1861935   1.4959556
 [151,]   9.032427e-03   0.1681861   0.5518132
 [152,]   9.778225e-03   0.1573048   0.5482028
 [153,]   9.099213e-04   0.1692580   0.3867555
 [154,]   3.297371e-03   0.1662675   0.3835810
 [155,]   5.075149e-03   0.1788605   0.5369184
 [156,]   1.063983e-02   0.1726747   0.5403953
 [157,]   1.651877e-02   0.1483638   1.4976010
 [158,]   3.738432e-03   0.1685344   1.4788661
 [159,]   5.357774e-03   0.1575468   0.5430301
 [160,]   4.553914e-03   0.1722108   0.3831681
 [161,]   1.103808e-02   0.1672824   1.5055316
 [162,]   1.001760e-02   0.1738894   0.5478776
 [163,]   1.444357e-02   0.1937920   0.5433958
 [164,]   4.734762e-04   0.1631581   1.4847042
 [165,]   3.645450e-03   0.1577841   1.5172397
 [166,]   2.378038e-03   0.1678228   0.3843256
 [167,]   9.841953e-04   0.1643428   1.4885374
 [168,]   7.456114e-03   0.1741719   1.4960019
 [169,]   1.407752e-02   0.1746898   0.5491688
 [170,]   6.366371e-03   0.1714990   0.3892669
 [171,]   1.320058e-03   0.1537673   0.3881072
 [172,]   5.926898e-03   0.1731124   1.4793700
 [173,]   4.780799e-03   0.1717442   1.4758844
 [174,]   1.857451e-02   0.1782973   1.5002230
 [175,]   4.870273e-05   0.1807961   1.4783743
 [176,]   3.222490e-03   0.1843851   0.3820411
 [177,]   6.730999e-04   0.1684161   0.3859060
 [178,]   7.592238e-03   0.1623750   0.3817810
 [179,]   1.781145e-04   0.1623214   0.5432767
 [180,]   6.096229e-03   0.1804998   0.3876954
 [181,]   1.474969e-03   0.1643753   0.3834359
 [182,]   5.001202e-03   0.1569561   0.3835346
 [183,]   3.433848e-03   0.1715319   1.4933333
 [184,]   2.561490e-03   0.1714750   0.3895289
 [185,]   1.103733e-02   0.1637781   0.5499651
 [186,]   3.228815e-04   0.1562167   1.4790583
 [187,]   4.243874e-03   0.1610453   1.4974897
 [188,]   1.137172e-02   0.1891018   0.5400402
 [189,]   4.661988e-03   0.1705556   0.5434988
 [190,]   6.589647e-03   0.1754096   0.3834891
 [191,]   3.115257e-03   0.1830511   0.3810365
 [192,]   5.612434e-05   0.1752183   1.5059616
 [193,]   4.467002e-03   0.1574237   0.5357694
 [194,]   4.495447e-03   0.1670056   0.3794175
 [195,]   5.142690e-03   0.1758557   0.3830798
 [196,]   8.411261e-03   0.1912208   0.5359538
 [197,]   4.349052e-03   0.1664983   1.4782743
 [198,]   1.672391e-02   0.1873153   1.4996673
 [199,]   6.360598e-03   0.1562129   1.4971257
 [200,]   1.105167e-02   0.1486652   0.5421351
 [201,]   5.058839e-03   0.1545927   1.4978275
 [202,]   2.691537e-03   0.1712379   0.3835572
 [203,]   3.129187e-03   0.1576508   0.3842823
 [204,]   8.708052e-03   0.1881360   0.5372354
 [205,]   5.903337e-03   0.1762826   0.5359613
 [206,]   9.748905e-03   0.1589051   0.5449753
 [207,]   3.414188e-03   0.1675756   0.5408414
 [208,]   6.031817e-03   0.1760536   0.3837584
 [209,]   1.802039e-02   0.1884607   1.5062064
 [210,]   1.027285e-02   0.1696366   0.5492625
 [211,]   5.128026e-03   0.1752262   1.5035116
 [212,]   8.267312e-03   0.1719697   1.4983279
 [213,]   3.984701e-03   0.1779711   0.3831742
 [214,]   5.148155e-03   0.1599022   1.5151176
 [215,]   1.460301e-02   0.1677337   0.5447776
 [216,]   6.082994e-04   0.1668556   0.3840436
 [217,]   1.048460e-02   0.1766208   1.4809693
 [218,]   1.902512e-03   0.1629224   0.5457968
 [219,]   1.525484e-02   0.1910873   0.5535760
 [220,]   4.869605e-03   0.1678046   0.3825740
 [221,]   3.018713e-03   0.1743006   1.4789036
 [222,]   2.817977e-03   0.1655291   0.3832044
 [223,]   5.035106e-03   0.1723021   0.3851219
 [224,]   6.516701e-03   0.1696410   0.3833561
 [225,]   7.408769e-03   0.1705471   1.5138387
 [226,]   7.483377e-03   0.1680824   0.3874605
 [227,]   3.857580e-03   0.1639973   0.3844642
 [228,]   9.155040e-03   0.1955086   0.5471285
 [229,]   1.238901e-03   0.1789062   1.4973251
 [230,]   6.377017e-03   0.1710397   1.4774112
 [231,]   3.180675e-03   0.1527616   0.3822249
 [232,]   7.784534e-03   0.1763851   1.4777464
 [233,]   7.096696e-03   0.1681489   0.5362649
 [234,]   9.512272e-03   0.1791228   0.5485932
 [235,]   9.576931e-03   0.1739773   0.5379123
 [236,]   2.419085e-03   0.1706234   0.5523285
 [237,]   8.416990e-03   0.1658609   0.5439058
 [238,]   2.211807e-03   0.1707094   1.4791802
 [239,]   2.591887e-03   0.1845273   0.3833405
 [240,]   3.828961e-03   0.1517918   1.4785888
 [241,]   3.676414e-03   0.1679395   1.4960658
 [242,]   9.701627e-03   0.1586008   0.5418482
 [243,]   1.234138e-02   0.1747929   0.5423933
 [244,]   1.581728e-02   0.1823301   1.5059684
 [245,]   8.965363e-03   0.1751015   1.4886513
 [246,]   1.238060e-02   0.1843985   0.5420246
 [247,]   1.041083e-02   0.1610593   0.5489803
 [248,]   4.283782e-03   0.1866752   0.3828751
 [249,]   1.046816e-02   0.1743578   0.5484036
 [250,]   2.336990e-03   0.1838042   1.4772840
 [251,]   1.470071e-03   0.1597396   0.3817275
 [252,]   8.310914e-03   0.1675415   0.3886219
 [253,]   6.106932e-03   0.1740550   0.3859358
 [254,]   3.332971e-03   0.1739527   1.5114804
 [255,]   2.333334e-03   0.1589126   1.4771588
 [256,]   5.963580e-03   0.1742978   0.3827797
 [257,]   1.065940e-02   0.1642325   0.3875302
 [258,]   8.660745e-03   0.1587376   0.3838331
 [259,]   2.686997e-03   0.1488966   1.4962405
 [260,]   1.388309e-02   0.1564383   1.5058048
 [261,]   1.674678e-03   0.1421640   0.3830953
 [262,]   2.311452e-03   0.1690455   1.4781555
 [263,]   5.058504e-03   0.1648347   0.5492425
 [264,]   6.383416e-03   0.1572863   0.3829407
 [265,]   6.530586e-03   0.1710474   1.4883886
 [266,]   1.829410e-03   0.1645270   0.3837954
 [267,]   1.006970e-02   0.1840215   0.5497183
 [268,]   5.430994e-03   0.1750621   0.3834276
 [269,]   2.950383e-03   0.1919317   0.3847654
 [270,]   9.801679e-04   0.1647553   0.3809014
 [271,]   9.607352e-03   0.1622529   1.4866729
 [272,]   8.772138e-03   0.1653096   1.4957320
 [273,]   5.296151e-03   0.1735152   0.3817180
 [274,]   8.933749e-03   0.1748960   1.4832030
 [275,]   1.099786e-03   0.1777500   0.3830633
 [276,]   7.056398e-03   0.1649595   0.3890290
 [277,]   1.519287e-02   0.1651293   0.5573339
 [278,]   7.775733e-03   0.1764921   0.3878126
 [279,]   2.292520e-03   0.1824570   0.3832398
 [280,]   7.699984e-03   0.1579936   1.4885643
 [281,]   2.197566e-03   0.1641083   0.3835035
 [282,]   4.048836e-03   0.1562435   0.3826303
 [283,]   6.886346e-03   0.1673034   0.5470012
 [284,]   6.054480e-03   0.1599300   0.3837205
 [285,]   1.225808e-02   0.1682183   0.5474642
 [286,]   1.164247e-03   0.1728726   0.5527361
 [287,]   4.120817e-03   0.1629040   1.4782227
 [288,]   1.975947e-02   0.1772800   1.5176994
 [289,]   2.417193e-03   0.1792796   0.3826799
 [290,]   4.228164e-03   0.1714024   0.3852419
 [291,]   3.127040e-03   0.1743296   0.3802135
 [292,]   4.243731e-03   0.1780809   0.5518707
 [293,]   8.630778e-03   0.1657361   1.5005650
 [294,]   3.916925e-03   0.1578864   0.5442654
 [295,]   5.327167e-03   0.1702675   1.4884675
 [296,]   1.344728e-02   0.1708247   1.4817429
 [297,]   1.203489e-03   0.1721184   0.3900712
 [298,]   2.501548e-03   0.1525964   0.3847538
 [299,]   9.203076e-03   0.1692393   0.5482199
 [300,]   1.053445e-02   0.1508438   0.5484563
 [301,]   5.667974e-03   0.1754499   0.3852106
 [302,]   6.744708e-03   0.1633226   0.3833966
 [303,]   1.303328e-03   0.1696673   1.4993208
 [304,]   9.904305e-03   0.1581920   0.5419878
 [305,]   4.083588e-03   0.1815626   1.4964231
 [306,]   3.311072e-04   0.1698295   0.3811531
 [307,]   6.681325e-03   0.1601294   0.5470878
 [308,]   7.148097e-03   0.1761418   0.3894737
 [309,]   4.715532e-03   0.1690000   0.3834995
 [310,]   8.103762e-03   0.1760739   0.5424851
 [311,]   9.934365e-04   0.1682447   0.3844913
 [312,]   1.061298e-02   0.1652608   0.5427819
 [313,]   1.209171e-02   0.1686576   0.5472308
 [314,]   3.169759e-03   0.1700512   1.5038223
 [315,]   1.011282e-02   0.1638733   0.5482503
 [316,]   5.478175e-03   0.1659208   0.5410003
 [317,]   1.052233e-03   0.1587531   1.4993059
 [318,]   3.632277e-04   0.1618762   0.3811707
 [319,]   5.426740e-03   0.1848648   0.5411613
 [320,]   9.066948e-03   0.1791727   0.5371487
 [321,]   8.216138e-03   0.1736538   1.5010934
 [322,]   1.750027e-03   0.1700875   0.3816324
 [323,]   1.371983e-02   0.1588513   0.5567862
 [324,]   5.035002e-03   0.1924535   0.3831920
 [325,]   1.427052e-02   0.1736082   1.5051343
 [326,]   1.341601e-03   0.1729782   0.3830688
 [327,]   2.780861e-03   0.1545205   0.3825997
 [328,]   2.660787e-03   0.1557106   0.3888816
 [329,]   3.853719e-04   0.1661516   0.3860537
 [330,]   9.245788e-03   0.1654886   0.5427279
 [331,]   9.308773e-03   0.1617736   1.4740474
 [332,]   3.693970e-03   0.1543033   0.3872153
 [333,]   3.999689e-03   0.1851614   0.5533973
 [334,]   6.882729e-03   0.1543552   0.3857725
 [335,]   1.593646e-03   0.1863252   0.3831037
 [336,]   1.602208e-02   0.1659013   0.5546656
 [337,]   6.550776e-03   0.1638191   0.3821218
 [338,]   2.510746e-03   0.1644769   1.4790974
 [339,]   3.377368e-03   0.1772432   0.3833072
 [340,]   8.400366e-04   0.1644171   1.4755619
 [341,]   6.121332e-03   0.1507113   0.3828238
 [342,]   4.328966e-03   0.1834506   1.4961750
 [343,]   7.832881e-03   0.1491249   1.4795343
 [344,]   1.527431e-03   0.1653785   0.3832079
 [345,]   5.528570e-03   0.1775529   0.5448208
 [346,]   3.621130e-03   0.1624754   0.3838411
 [347,]   3.477307e-03   0.1634868   1.4780054
 [348,]   6.910223e-03   0.1564358   1.5131736
 [349,]   5.782441e-03   0.1806587   0.3834982
 [350,]   2.529395e-03   0.1812273   0.3831870
 [351,]   1.213264e-02   0.1783237   0.5423922
 [352,]   6.154481e-03   0.1825155   0.3829162
 [353,]   2.978167e-03   0.1652715   1.4780881
 [354,]   2.291204e-02   0.1637937   1.5121846
 [355,]   7.578230e-04   0.1624783   0.3828893
 [356,]   3.369828e-03   0.1707342   1.4901727
 [357,]   2.026799e-02   0.1698630   1.5176302
 [358,]   1.112765e-02   0.1739372   0.5426774
 [359,]   4.676733e-03   0.1717295   0.5434803
 [360,]   9.164150e-03   0.1607484   0.5411444
 [361,]   4.311345e-03   0.1597010   1.4950675
 [362,]   1.057214e-02   0.1707733   1.4999486
 [363,]   5.001330e-03   0.1703118   0.3823507
 [364,]   1.002155e-02   0.1721043   0.5481722
 [365,]   1.205873e-04   0.1617583   1.4784605
 [366,]   1.045554e-03   0.1594879   0.3899917
 [367,]   3.889659e-03   0.1618044   1.4956275
 [368,]   8.518975e-04   0.1745771   1.4874009
 [369,]   8.483021e-05   0.1803934   0.3833484
 [370,]   8.316441e-03   0.1686289   1.5034912
 [371,]   1.191710e-03   0.1665799   0.3878276
 [372,]   1.201376e-02   0.1778181   0.5466510
 [373,]   2.808644e-03   0.1495496   1.4861750
 [374,]   3.793676e-03   0.1744133   0.3852431
 [375,]   1.034765e-03   0.1862915   1.5035503
 [376,]   8.414082e-03   0.1557215   0.3838337
 [377,]   7.008416e-03   0.1641316   1.4785791
 [378,]   2.116528e-02   0.1510739   1.4877049
 [379,]   5.908110e-03   0.1755083   0.3841935
 [380,]   1.464603e-02   0.1771299   1.5176149
 [381,]   6.041479e-03   0.1750320   0.3827746
 [382,]   2.171266e-03   0.1605597   1.4883984
 [383,]   2.400454e-03   0.1581337   0.3847033
 [384,]   1.942490e-02   0.1668085   1.5180030
 [385,]   4.972899e-03   0.1680337   0.5526447
 [386,]   3.763560e-03   0.1510106   1.4975046
 [387,]   7.449159e-03   0.1608137   0.3846256
 [388,]   3.968912e-03   0.1680840   0.3797280
 [389,]   6.460328e-03   0.1625732   0.5404401
 [390,]   5.310268e-03   0.1518149   1.5016835
 [391,]   9.910575e-03   0.1773204   0.5429098
 [392,]   4.010607e-03   0.1849942   1.4880895
 [393,]   5.539240e-03   0.1740956   0.3818065
 [394,]   8.795934e-03   0.1609935   0.5376413
 [395,]   2.665568e-03   0.1711333   1.4882689
 [396,]   5.241105e-03   0.1749472   1.4764471
 [397,]   6.035660e-03   0.1806638   0.3827739
 [398,]   5.731907e-04   0.1640808   0.5498473
 [399,]   3.033265e-03   0.1628855   1.4772157
 [400,]   1.214273e-03   0.1718250   0.3824396
 [401,]   4.783967e-03   0.1672172   1.4781946
 [402,]   1.106617e-02   0.1618238   0.5424121
 [403,]   5.714049e-03   0.1673146   0.5368868
 [404,]   8.456779e-03   0.1692517   0.5412269
 [405,]   2.977981e-03   0.1818505   0.5414920
 [406,]   9.438167e-03   0.1578649   1.4916447
 [407,]   5.138409e-03   0.1719758   0.5416919
 [408,]   9.667531e-03   0.1746034   0.5515071
 [409,]   4.181832e-03   0.1677476   1.4781229
 [410,]   2.497578e-03   0.1809006   0.3845496
 [411,]   1.650903e-03   0.1668122   0.3847261
 [412,]   6.734564e-03   0.1490263   0.3842102
 [413,]   3.037021e-03   0.1654137   1.4781261
 [414,]   1.805383e-03   0.1677304   0.5405327
 [415,]   9.842783e-03   0.1613569   0.5431785
 [416,]   5.566081e-03   0.1647170   0.5376183
 [417,]   1.408351e-02   0.1722912   0.5513363
 [418,]   7.711488e-03   0.1594059   1.5031059
 [419,]   1.169948e-02   0.1662173   0.5508245
 [420,]   2.359900e-03   0.1709498   0.3898825
 [421,]   9.333921e-03   0.1615343   1.5136097
 [422,]   1.035670e-02   0.1569975   0.3864592
 [423,]   1.485271e-03   0.1716412   0.3829653
 [424,]   6.709685e-04   0.1690531   1.4809582
 [425,]   1.485639e-02   0.1860333   1.5163752
 [426,]   2.259242e-03   0.1881746   0.3872033
 [427,]   1.298355e-02   0.1875381   0.5560214
 [428,]   1.486445e-02   0.1586090   1.5062247
 [429,]   2.487644e-03   0.1687342   1.4740297
 [430,]   8.881193e-03   0.1812620   1.5009909
 [431,]   6.739911e-03   0.1682490   0.3860191
 [432,]   9.835732e-04   0.1735714   0.3872872
 [433,]   7.334464e-03   0.1611745   0.3887589
 [434,]   5.530921e-03   0.1733625   0.5448110
 [435,]   7.877022e-03   0.1662771   0.3837226
 [436,]   2.667143e-03   0.1533705   0.3880531
 [437,]   9.576874e-03   0.1564774   0.5477326
 [438,]   1.012586e-03   0.1716370   0.3824778
 [439,]   7.005717e-03   0.1787731   0.3862681
 [440,]   7.934466e-03   0.1705076   0.3830886
 [441,]   1.537706e-02   0.1704921   0.5532761
 [442,]   3.589709e-03   0.1821988   1.4762555
 [443,]   1.813987e-02   0.1695213   1.4855099
 [444,]   9.419601e-03   0.1774350   0.5433238
 [445,]   6.650671e-03   0.1724385   1.4764515
 [446,]   8.899047e-03   0.1704436   1.4857417
 [447,]   1.784035e-03   0.1677993   0.5378293
 [448,]   4.018820e-03   0.1823283   0.3835000
 [449,]   4.152019e-03   0.1724110   0.3854092
 [450,]   5.395555e-03   0.1515487   1.5001390
 [451,]   7.786955e-03   0.1731782   0.5423173
 [452,]   6.104497e-03   0.1786740   0.5355100
 [453,]   7.718267e-03   0.1521112   0.3859229
 [454,]   1.527782e-02   0.1648986   0.5527636
 [455,]   3.482257e-03   0.1913165   0.3851541
 [456,]   3.537266e-03   0.1682496   0.3829686
 [457,]   6.524860e-03   0.1727241   0.3833322
 [458,]   8.953320e-04   0.1716830   0.3862132
 [459,]   2.915421e-03   0.1758344   1.4786127
 [460,]   8.938676e-04   0.1825813   0.3852278
 [461,]   1.115679e-02   0.1775206   0.5411631
 [462,]   7.730482e-03   0.1585565   0.3861287
 [463,]   5.754518e-04   0.1681277   1.4893882
 [464,]   1.230553e-02   0.1760886   0.5502409
 [465,]   9.832352e-05   0.1581525   1.4762342
 [466,]   4.873552e-03   0.1767642   1.4862987
 [467,]   9.727489e-03   0.1790055   0.5478294
 [468,]   4.638284e-03   0.1692211   0.3823204
 [469,]   1.262189e-03   0.1734859   0.3853822
 [470,]   4.868796e-03   0.1807562   0.3809391
 [471,]   4.545369e-04   0.1874023   0.3870841
 [472,]   1.819895e-03   0.1714135   0.3872433
 [473,]   2.663597e-03   0.1465105   1.4792129
 [474,]   3.471735e-04   0.1535403   0.3843306
 [475,]   3.172350e-03   0.1641651   0.5442700
 [476,]   2.017540e-03   0.1925344   1.4745532
 [477,]   6.067070e-03   0.1761251   1.4955341
 [478,]   3.922532e-03   0.1828811   0.3845316
 [479,]   3.117103e-03   0.1583873   0.3843206
 [480,]   2.835519e-03   0.1831440   0.3817461
 [481,]   8.616188e-03   0.1722682   0.5483818
 [482,]   2.176585e-03   0.1722701   1.4787832
 [483,]   7.738749e-03   0.1814037   1.4788845
 [484,]   5.732791e-03   0.1737083   1.4793842
 [485,]   4.728400e-03   0.1603630   0.3849799
 [486,]   2.098062e-03   0.1723602   1.4767602
 [487,]   2.017889e-03   0.1663132   0.3898984
 [488,]   1.090627e-02   0.1590724   0.5423645
 [489,]   3.787007e-03   0.1562824   1.5006714
 [490,]   4.076490e-03   0.1754425   0.3881569
 [491,]   8.563962e-03   0.1569420   1.4771692
 [492,]   1.110481e-02   0.1716984   0.5433255
 [493,]   1.486092e-02   0.1907088   0.5531456
 [494,]   2.771557e-04   0.1591515   0.3847910
 [495,]   2.215520e-03   0.1749029   0.5377399
 [496,]   7.453106e-03   0.1804008   1.4780156
 [497,]   6.884302e-03   0.1504557   0.3887431
 [498,]   9.832347e-03   0.1546912   0.5426947
 [499,]   6.869071e-03   0.1822351   1.4772248
 [500,]   6.172696e-03   0.1700524   0.3828340
 [501,]   1.237921e-02   0.1630082   0.5425165
 [502,]   1.676849e-02   0.1552322   1.5089081
 [503,]   5.575519e-03   0.1927414   1.4753208
 [504,]   9.641838e-03   0.1607945   0.5420134
 [505,]   2.988803e-05   0.1612788   1.4788488
 [506,]   6.037997e-03   0.1750974   0.3836826
 [507,]   1.132060e-02   0.1659405   0.5475902
 [508,]   1.193389e-02   0.1630658   1.4840309
 [509,]   3.711871e-03   0.1762474   1.4797564
 [510,]   3.823162e-04   0.1843590   1.5037321
 [511,]   1.548163e-02   0.1604468   1.5118184
 [512,]   1.151952e-02   0.1581715   1.5010789
 [513,]   5.798624e-03   0.1607752   1.4853257
 [514,]   1.905479e-02   0.1674524   1.5168647
 [515,]   7.333501e-03   0.1585714   0.5372081
 [516,]   7.136849e-03   0.1783323   1.5072303
 [517,]   1.553609e-02   0.1717731   1.4732085
 [518,]   3.993300e-04   0.1660639   1.4990128
 [519,]   8.085887e-03   0.1683948   1.4809674
 [520,]   5.511119e-03   0.1583556   0.3829757
 [521,]   5.823519e-03   0.1778596   0.3888491
 [522,]   4.974781e-03   0.1728875   1.4780195
 [523,]   6.852249e-03   0.1689597   0.3833749
 [524,]   9.847075e-03   0.1797224   0.5479332
 [525,]   1.795306e-03   0.1561511   0.3830537
 [526,]   4.877272e-03   0.1650290   1.5056987
 [527,]   2.566269e-03   0.1867365   0.5528937
 [528,]   5.813834e-03   0.1768476   1.5044702
 [529,]   1.444434e-02   0.1617563   1.5166195
 [530,]   3.276530e-03   0.1798522   0.5572299
 [531,]   2.475583e-03   0.1774291   0.3875413
 [532,]   8.825974e-03   0.1572712   0.5417682
 [533,]   3.745649e-03   0.1697229   1.4962993
 [534,]   9.295936e-03   0.1765136   1.5070702
 [535,]   7.112324e-03   0.1761561   0.5530431
 [536,]   7.851119e-03   0.1568651   0.3891138
 [537,]   7.516237e-03   0.1729688   0.3835497
 [538,]   5.642332e-03   0.1612787   0.5360782
 [539,]   2.092150e-02   0.1737760   1.5193120
 [540,]   4.304798e-03   0.1689005   1.4748333
 [541,]   1.916976e-02   0.1792919   1.5159167
 [542,]   7.190977e-03   0.1884243   0.3871791
 [543,]   1.812569e-02   0.1606408   1.5093899
 [544,]   5.355762e-03   0.1643275   0.3829231
 [545,]   1.063804e-03   0.1705642   0.3826756
 [546,]   2.000369e-03   0.1802179   0.3835515
 [547,]   4.716119e-04   0.1791021   1.4784066
 [548,]   5.121443e-03   0.1643388   1.4884751
 [549,]   1.318082e-02   0.1715315   0.5464800
 [550,]   1.035983e-02   0.1674322   1.5161554
 [551,]   3.661357e-03   0.1553794   0.5410217
 [552,]   9.129116e-03   0.1727365   0.5380628
 [553,]   7.239721e-03   0.1812812   1.4988354
 [554,]   2.127591e-03   0.1496198   1.4792132
 [555,]   8.910296e-03   0.1721025   0.5414131
 [556,]   1.081923e-02   0.1624028   0.5448130
 [557,]   1.968537e-02   0.1671326   1.5179709
 [558,]   1.506635e-03   0.1832880   1.4791192
 [559,]   5.964780e-03   0.1579356   0.5362087
 [560,]   7.192848e-03   0.1712471   0.3861351
 [561,]   1.187067e-02   0.1526620   0.5547800
 [562,]   1.697611e-02   0.1758907   1.4850732
 [563,]   7.472399e-03   0.1764731   0.3879019
 [564,]   4.865841e-04   0.1744392   0.5425851
 [565,]   3.511792e-03   0.1744147   0.5449084
 [566,]   1.024892e-02   0.1635656   0.5413636
 [567,]   9.067663e-03   0.1650473   0.5414187
 [568,]   2.050131e-03   0.1622668   0.5485564
 [569,]   3.109348e-03   0.1611051   1.4753934
 [570,]   1.004536e-02   0.1558275   0.5415174
 [571,]   1.249458e-02   0.1471011   1.5162426
 [572,]   1.310510e-02   0.1809540   0.5414115
 [573,]   9.196319e-03   0.1693936   1.4812417
 [574,]   5.936045e-03   0.1886940   0.3835164
 [575,]   3.000920e-03   0.1677555   0.3843324
 [576,]   1.231269e-02   0.1735768   0.5426388
 [577,]   7.580937e-03   0.1693773   0.3861788
 [578,]   1.046801e-02   0.1787169   0.5495195
 [579,]   1.344701e-02   0.1623943   1.5176819
 [580,]   6.806029e-03   0.1724467   0.5354779
 [581,]   1.061266e-03   0.1681656   0.3832461
 [582,]   8.541268e-03   0.1749026   0.5413154
 [583,]   5.586719e-03   0.1786199   0.3838835
 [584,]   1.446497e-02   0.1640500   1.5174500
 [585,]   9.603949e-04   0.1695979   0.3826848
 [586,]   1.673450e-02   0.1760832   1.5069403
 [587,]   3.978073e-03   0.1701425   0.3823000
 [588,]   7.392315e-03   0.1541383   0.3886834
 [589,]   1.629197e-02   0.1542351   0.5546403
 [590,]   5.373210e-03   0.1771007   1.5122957
 [591,]   5.774774e-03   0.1758279   1.5033138
 [592,]   1.802397e-02   0.1766853   1.5174274
 [593,]   3.418643e-03   0.1794248   1.4959398
 [594,]   4.715467e-03   0.1653156   0.3834230
 [595,]   4.608675e-03   0.1647748   0.3819039
 [596,]   3.524396e-03   0.1793407   1.4766619
 [597,]   6.762999e-03   0.1818980   0.5438917
 [598,]   9.409977e-03   0.1711038   0.5411255
 [599,]   1.089162e-03   0.1714903   0.5454959
 [600,]   3.132772e-03   0.1755905   0.3858982
 [601,]   2.683901e-03   0.1782721   0.3840986
 [602,]   9.173858e-03   0.1594143   1.4814840
 [603,]   1.417660e-02   0.1806303   0.5510028
 [604,]   4.470622e-03   0.1872888   0.5412335
 [605,]   1.508905e-03   0.1533398   0.3830305
 [606,]   6.060202e-03   0.1677635   0.3828681
 [607,]   4.249603e-03   0.1774282   0.5438301
 [608,]   1.867750e-03   0.1553479   0.3843746
 [609,]   5.805125e-03   0.1748502   1.4956524
 [610,]   5.289876e-03   0.1729831   1.4801728
 [611,]   1.686139e-03   0.1826078   1.4805777
 [612,]   6.485346e-03   0.1687456   0.5457048
 [613,]   3.011573e-03   0.1675426   1.4741991
 [614,]   6.242781e-03   0.1693957   0.3868935
 [615,]   1.150106e-03   0.1645578   0.5465716
 [616,]   1.076583e-02   0.1535209   0.5427004
 [617,]   6.462282e-03   0.1730980   0.3830735
 [618,]   4.383171e-03   0.1684359   0.3812524
 [619,]   1.471051e-02   0.1682985   1.5170423
 [620,]   5.047752e-03   0.1466471   0.5529517
 [621,]   4.981513e-03   0.1719264   0.3803993
 [622,]   3.651927e-03   0.1643873   0.5447475
 [623,]   5.911947e-03   0.1551641   1.4899007
 [624,]   2.239476e-02   0.1680026   1.5175291
 [625,]   4.961926e-03   0.1590635   1.5088016
 [626,]   6.898108e-04   0.1621798   1.4785842
 [627,]   1.362243e-03   0.1512211   0.3864446
 [628,]   1.067814e-02   0.1736268   0.5403633
 [629,]   2.869734e-03   0.1794124   0.3824163
 [630,]   8.190471e-03   0.1852523   0.3864095
 [631,]   7.839349e-03   0.1651806   1.4872306
 [632,]   2.441747e-03   0.1695698   0.5412673
 [633,]   1.148243e-02   0.1755232   0.3901386
 [634,]   6.889629e-05   0.1596489   0.3850443
 [635,]   6.485740e-03   0.1786971   0.5483488
 [636,]   2.074911e-02   0.1809616   1.4847908
 [637,]   5.480793e-03   0.1789583   0.5415653
 [638,]   1.469468e-02   0.1919107   1.4974853
 [639,]   8.305759e-03   0.1846027   0.5409260
 [640,]   6.264688e-03   0.1830961   0.5414443
 [641,]   7.512938e-03   0.1668846   0.5425041
 [642,]   9.186775e-03   0.1667964   0.5414425
 [643,]   1.111927e-02   0.1896365   0.5411171
 [644,]   2.010296e-02   0.1736554   1.5183335
 [645,]   1.312045e-03   0.1585416   0.3890007
 [646,]   5.520112e-03   0.1894556   0.5552432
 [647,]   1.243211e-02   0.1621632   0.5475939
 [648,]   2.155712e-02   0.1765506   1.4994236
 [649,]   9.996120e-03   0.1612282   0.5485299
 [650,]   5.074956e-03   0.1610915   0.5545261
 [651,]   1.025842e-02   0.1546389   0.5481014
 [652,]   1.959097e-03   0.1735941   0.3843052
 [653,]   3.471984e-03   0.1610112   0.3812179
 [654,]   5.116314e-03   0.1832081   1.5179757
 [655,]   7.099407e-03   0.1744467   1.4794834
 [656,]   1.666614e-02   0.1788022   1.5010530
 [657,]   1.012370e-03   0.1699475   1.4781718
 [658,]   1.369351e-04   0.1657335   0.3831052
 [659,]   7.282220e-03   0.1545700   0.3887214
 [660,]   4.656145e-03   0.1677781   1.4765167
 [661,]   5.700040e-03   0.1522201   0.3846442
 [662,]   1.030025e-03   0.1827624   0.3865830
 [663,]   4.197378e-03   0.1701544   1.4764925
 [664,]   2.568112e-03   0.1889450   1.4869666
 [665,]   8.001371e-03   0.1666370   0.3884790
 [666,]   5.856097e-03   0.1864916   1.5095916
 [667,]   7.849566e-04   0.1488130   1.4994590
 [668,]   8.110089e-03   0.1718247   0.5413328
 [669,]   5.414033e-03   0.1602587   0.3830526
 [670,]   7.837531e-03   0.1798928   0.5379537
 [671,]   8.769746e-03   0.1737302   0.5410743
 [672,]   1.696340e-03   0.1545834   0.3819546
 [673,]   1.036061e-02   0.1691034   0.5526194
 [674,]   6.565607e-03   0.1521802   0.3859214
 [675,]   1.261506e-02   0.1588208   0.5422040
 [676,]   3.481765e-03   0.1688462   0.5381087
 [677,]   4.643302e-03   0.1577953   0.3832821
 [678,]   5.217997e-03   0.1732808   0.5355044
 [679,]   3.395710e-03   0.1555528   1.4741956
 [680,]   2.249328e-03   0.1533661   1.5026795
 [681,]   7.252889e-03   0.1751087   0.3890427
 [682,]   6.008730e-03   0.1696851   0.3828789
 [683,]   7.866637e-03   0.1743975   1.4837553
 [684,]   2.363575e-03   0.1648296   0.5521176
 [685,]   1.432950e-02   0.1796846   1.5069138
 [686,]   3.701313e-03   0.1669113   0.5380417
 [687,]   1.034048e-03   0.1716548   0.5446076
 [688,]   3.998376e-03   0.1700822   1.4791188
 [689,]   6.667867e-03   0.1988830   0.5514302
 [690,]   6.148414e-03   0.1588891   0.3827280
 [691,]   1.474519e-02   0.1757059   0.5503240
 [692,]   6.115143e-03   0.1635186   0.3828468
 [693,]   6.059958e-03   0.1646682   1.4981059
 [694,]   6.110066e-03   0.1707151   0.3828092
 [695,]   2.763492e-03   0.1641933   0.3894873
 [696,]   7.084443e-03   0.1737293   0.5364504
 [697,]   3.588454e-03   0.1724910   0.3802837
 [698,]   7.480040e-03   0.1577498   1.4857241
 [699,]   7.739548e-03   0.1689399   0.5363019
 [700,]   6.526760e-03   0.1833968   0.3855471
 [701,]   4.286083e-03   0.1586632   0.3830358
 [702,]   1.279856e-02   0.1586544   0.5474335
 [703,]   7.345164e-03   0.1608454   0.5543312
 [704,]   4.927428e-03   0.1824883   0.3837378
 [705,]   7.343322e-03   0.1586783   0.5345040
 [706,]   7.021274e-03   0.1897735   1.4777732
 [707,]   5.479248e-03   0.1677471   1.4873710
 [708,]   1.043550e-02   0.1631834   0.5482482
 [709,]   7.428075e-03   0.1626183   0.3844476
 [710,]   4.617389e-03   0.1799667   0.3818648
 [711,]   1.093030e-02   0.1610715   0.5421331
 [712,]   7.608755e-03   0.1759220   0.5455959
 [713,]   8.428397e-03   0.1536178   0.5543469
 [714,]   6.987371e-03   0.1754575   0.5364068
 [715,]   6.368143e-03   0.1672035   0.5527113
 [716,]   9.634506e-03   0.1662226   0.5487223
 [717,]   1.085758e-02   0.1697649   0.3869177
 [718,]   2.016790e-03   0.1801356   0.5415179
 [719,]   4.661293e-03   0.1666285   1.4780079
 [720,]   9.103381e-03   0.1755557   0.5485642
 [721,]   1.136681e-02   0.1636471   0.5425026
 [722,]   2.360325e-02   0.1565606   1.4869643
 [723,]   1.229628e-02   0.1754435   0.5484370
 [724,]   5.938510e-04   0.1831047   1.4950795
 [725,]   2.398291e-03   0.1526737   1.5038524
 [726,]   1.077455e-03   0.1621319   0.3836557
 [727,]   8.836885e-03   0.1776461   0.5423229
 [728,]   9.182470e-03   0.1653004   0.5380538
 [729,]   2.932899e-03   0.1722010   0.3816588
 [730,]   8.746837e-03   0.1789754   0.5373562
 [731,]   1.658259e-02   0.1743118   0.5574126
 [732,]   9.906002e-03   0.1953911   0.5478256
 [733,]   2.127177e-02   0.1552099   1.5185887
 [734,]   3.979316e-03   0.1853184   0.3837710
 [735,]   6.909774e-03   0.1722275   0.3888459
 [736,]   1.038361e-02   0.1755181   0.5482298
 [737,]   2.781098e-03   0.1892627   0.5487475
 [738,]   4.636428e-03   0.1750906   0.3825648
 [739,]   2.023924e-04   0.1843169   1.4785742
 [740,]   1.125370e-04   0.1898945   0.3825099
 [741,]   1.099824e-02   0.1736170   1.4782314
 [742,]   1.817696e-03   0.1595424   1.4878989
 [743,]   3.943108e-03   0.1677584   0.5405405
 [744,]   5.447182e-03   0.1590278   1.4803852
 [745,]   4.866844e-03   0.1614791   1.4874552
 [746,]   9.506013e-03   0.1593874   0.5412823
 [747,]   1.340009e-02   0.1898628   1.5160051
 [748,]   4.457051e-03   0.1771197   0.3833939
 [749,]   4.316183e-03   0.1533950   0.3875590
 [750,]   1.566647e-03   0.1666342   0.3811295
 [751,]   5.255529e-03   0.1878454   0.3827351
 [752,]   6.704585e-03   0.1775112   0.3858313
 [753,]   6.892407e-03   0.1674237   1.4765696
 [754,]   4.822366e-03   0.1732270   0.3826533
 [755,]   7.813214e-04   0.1673347   0.5530256
 [756,]   1.156538e-03   0.1751833   0.3850940
 [757,]   7.140185e-03   0.1679259   0.3890204
 [758,]   1.447286e-02   0.1682224   0.5560898
 [759,]   9.811452e-03   0.1769331   0.5425558
 [760,]   1.641885e-02   0.1606935   1.5063634
 [761,]   4.565637e-03   0.1697468   0.3831671
 [762,]   6.533377e-03   0.1880667   0.3832557
 [763,]   1.971908e-02   0.1816613   1.4852902
 [764,]   5.439237e-03   0.1786638   0.3834368
 [765,]   5.530925e-03   0.1706899   1.4977405
 [766,]   5.689523e-03   0.1613161   0.5360594
 [767,]   8.601324e-03   0.1776367   0.5380101
 [768,]   1.053755e-02   0.1672533   0.5427091
 [769,]   1.740013e-03   0.1743700   0.5397274
 [770,]   2.469261e-02   0.1442635   1.4884846
 [771,]   8.035151e-03   0.1746146   0.3896181
 [772,]   8.500696e-03   0.1731905   1.4781998
 [773,]   4.332549e-03   0.1791573   1.4882212
 [774,]   5.634213e-03   0.1662830   1.4946885
 [775,]   2.118112e-03   0.1564951   1.4782088
 [776,]   1.283818e-03   0.1637814   0.3830763
 [777,]   6.272349e-03   0.1627690   0.3878949
 [778,]   3.196714e-03   0.1508615   0.5436499
 [779,]   9.632006e-03   0.1588924   0.3848056
 [780,]   7.693379e-03   0.1695254   0.3874205
 [781,]   1.207556e-02   0.1729406   0.5480990
 [782,]   3.193352e-03   0.1598564   0.5418276
 [783,]   6.474802e-03   0.1682149   1.4784567
 [784,]   1.462982e-03   0.1762777   0.3852574
 [785,]   1.305668e-03   0.1639094   0.5430929
 [786,]   2.749044e-04   0.1762714   1.5133524
 [787,]   4.594576e-03   0.1845333   1.4783602
 [788,]   4.893093e-03   0.1826548   0.3834081
 [789,]   2.853186e-04   0.1595212   0.3829340
 [790,]   5.658241e-03   0.1562113   0.5524295
 [791,]   4.883790e-04   0.1738487   1.4791653
 [792,]   4.208234e-03   0.1829170   0.3859413
 [793,]   3.088564e-03   0.1959560   1.4787062
 [794,]   8.218351e-03   0.1813034   0.3894398
 [795,]   2.699889e-03   0.1749224   0.3815938
 [796,]   6.412068e-03   0.1708244   0.3827923
 [797,]   4.586992e-03   0.1716221   1.4784561
 [798,]   4.935414e-03   0.1603371   1.4859739
 [799,]   9.214038e-04   0.1731142   1.4790698
 [800,]   8.685176e-03   0.1655220   1.4742957
 [801,]   3.163123e-03   0.1736801   1.4982940
 [802,]   3.421007e-03   0.1534127   0.5395553
 [803,]   6.081304e-03   0.1602550   0.3827961
 [804,]   2.174551e-02   0.1584500   1.5168822
 [805,]   1.666225e-02   0.1750516   1.5004299
 [806,]   9.495987e-03   0.1583348   0.5466664
 [807,]   1.282667e-02   0.1692876   1.4940629
 [808,]   6.159209e-03   0.1650095   0.3827425
 [809,]   4.448294e-03   0.1777059   1.5121664
 [810,]   1.977895e-03   0.1458544   1.4791829
 [811,]   5.053809e-03   0.1694944   0.5363643
 [812,]   9.598438e-03   0.1658161   1.5110511
 [813,]   6.298688e-03   0.1660116   0.3830889
 [814,]   6.977547e-03   0.1782027   1.5006811
 [815,]   5.273947e-03   0.1719237   1.4783801
 [816,]   9.186210e-03   0.1806077   0.5486523
 [817,]   3.486475e-04   0.1777202   0.5395212
 [818,]   6.404354e-03   0.1525783   0.5379972
 [819,]   1.988946e-02   0.1671747   1.5168607
 [820,]   1.367651e-02   0.1639904   0.5506955
 [821,]   4.656724e-03   0.1870186   1.5069995
 [822,]   1.517006e-02   0.1687083   0.5503653
 [823,]   1.357857e-03   0.1474926   0.3828861
 [824,]   6.509247e-05   0.1611294   0.3830667
 [825,]   3.007286e-03   0.1753714   0.3828953
 [826,]   2.943544e-03   0.1543765   0.3842860
 [827,]   9.429304e-03   0.1851765   0.5412342
 [828,]   1.715952e-03   0.1698268   1.4778779
 [829,]   1.029892e-02   0.1654766   1.4965602
 [830,]   6.578327e-03   0.1635867   0.3830875
 [831,]   6.233240e-03   0.1598790   0.3829465
 [832,]   1.206458e-02   0.1718774   1.5009021
 [833,]   1.222195e-02   0.1687039   0.5486140
 [834,]   1.229801e-02   0.1698553   0.5480795
 [835,]   1.135588e-02   0.1567735   1.5091093
 [836,]   9.684122e-03   0.1672076   0.5426340
 [837,]   2.056209e-02   0.1570296   1.5022637
 [838,]   1.346329e-03   0.1665845   0.5475133
 [839,]   8.823031e-03   0.1814190   0.5411150
 [840,]   6.308127e-03   0.1768917   0.3828836
 [841,]   2.645867e-03   0.1608472   1.4962546
 [842,]   4.029456e-03   0.1863010   1.4869450
 [843,]   8.689422e-03   0.1668154   1.5010103
 [844,]   1.093333e-02   0.1644277   0.5425396
 [845,]   1.936912e-04   0.1647730   0.3880643
 [846,]   5.314636e-03   0.1878612   0.3835222
 [847,]   4.053410e-03   0.1660226   0.3801750
 [848,]   3.958073e-03   0.1720492   0.5496038
 [849,]   4.435740e-03   0.1605787   0.5540908
 [850,]   8.205488e-03   0.1597467   1.5200043
 [851,]   6.112691e-03   0.1722977   0.5506150
 [852,]   8.078194e-03   0.1677661   0.5405771
 [853,]   5.980033e-03   0.1724435   0.3828204
 [854,]   1.843060e-03   0.1637526   0.3876728
 [855,]   6.530362e-03   0.1716317   0.3832383
 [856,]   4.421619e-03   0.1641632   0.3847264
 [857,]   9.432260e-03   0.1893468   0.5370073
 [858,]   5.023043e-04   0.1698112   0.3828753
 [859,]   1.522182e-03   0.1724531   0.3817208
 [860,]   8.054643e-03   0.1652829   0.5460239
 [861,]   1.966936e-03   0.1862016   1.4781179
 [862,]   9.082775e-03   0.1599885   0.5410833
 [863,]   8.373437e-03   0.1916704   0.5426516
 [864,]   3.461081e-03   0.1738744   0.3844187
 [865,]   4.588116e-03   0.1687767   1.4782510
 [866,]   1.107443e-02   0.1611152   0.5478314
 [867,]   7.196452e-03   0.1673515   0.5432453
 [868,]   1.032596e-05   0.1732378   1.4782595
 [869,]   1.029223e-02   0.1773959   0.5424722
 [870,]   1.532104e-02   0.1629081   0.5580901
 [871,]   5.682208e-03   0.1776557   0.5443526
 [872,]   1.362952e-03   0.1640755   1.4731401
 [873,]   4.583291e-03   0.1618732   1.4772375
 [874,]   3.451119e-03   0.1659541   0.3864245
 [875,]   1.418865e-02   0.1808005   1.4829050
 [876,]   5.840562e-03   0.1673073   0.3828362
 [877,]   6.150335e-03   0.1693170   0.3827814
 [878,]   1.662973e-02   0.1689851   0.5582012
 [879,]   1.035761e-02   0.1792053   0.5481456
 [880,]   1.431928e-02   0.1842248   0.5451389
 [881,]   2.011293e-02   0.1545740   1.4862991
 [882,]   2.024729e-03   0.1676097   0.3821713
 [883,]   1.056920e-02   0.1779946   0.5483393
 [884,]   9.116874e-03   0.1629349   0.5486008
 [885,]   4.310769e-03   0.1690855   1.5047170
 [886,]   2.006574e-02   0.1607777   1.4941596
 [887,]   2.666182e-03   0.1755976   0.5392333
 [888,]   1.250257e-02   0.1584402   1.5003556
 [889,]   4.504087e-03   0.1662320   0.3829049
 [890,]   3.954034e-03   0.1680676   0.3828518
 [891,]   7.713309e-03   0.1853817   0.3896443
 [892,]   2.675865e-02   0.1908870   1.4888932
 [893,]   1.392455e-02   0.1644933   0.5451844
 [894,]   3.429660e-03   0.1869597   0.5447049
 [895,]   4.019334e-03   0.1801539   0.3841148
 [896,]   1.960891e-02   0.1671930   1.5182705
 [897,]   2.457809e-02   0.1754043   1.4866818
 [898,]   2.145094e-03   0.1765662   1.4746020
 [899,]   4.554354e-03   0.1715290   1.4951921
 [900,]   6.158867e-03   0.1813410   0.3828495
 [901,]   2.023354e-03   0.1675166   0.5414529
 [902,]   7.877922e-03   0.1732080   0.5479410
 [903,]   9.507947e-03   0.1600661   1.5184864
 [904,]   6.319565e-03   0.1864815   0.3865916
 [905,]   2.059475e-02   0.1708182   1.5096272
 [906,]   6.624431e-03   0.1658986   0.5368590
 [907,]   1.047017e-02   0.1640008   0.5564629
 [908,]   5.458536e-03   0.1537987   0.5353126
 [909,]   1.013889e-02   0.1390499   0.5480741
 [910,]   1.416387e-03   0.1693248   0.3820372
 [911,]   3.098975e-03   0.1666383   1.4781846
 [912,]   5.436321e-03   0.1668958   0.3895325
 [913,]   8.117566e-03   0.1635667   0.5485944
 [914,]   1.867509e-03   0.1798558   0.5536137
 [915,]   4.411140e-04   0.1816789   1.4790543
 [916,]   6.287489e-04   0.1554385   1.4786834
 [917,]   4.398549e-03   0.1781648   0.3843441
 [918,]   1.035171e-02   0.1584475   1.4879302
 [919,]   5.103532e-03   0.1631157   1.4789490
 [920,]   6.963957e-03   0.1545647   0.5361684
 [921,]   9.814845e-03   0.1936401   0.5427212
 [922,]   1.252028e-03   0.1835152   0.3855614
 [923,]   1.679935e-03   0.1746888   0.3831078
 [924,]   6.388085e-03   0.1676099   0.3880228
 [925,]   2.130707e-03   0.1627044   0.3837673
 [926,]   1.586744e-02   0.1682410   0.5523997
 [927,]   3.022047e-03   0.1774334   0.5446177
 [928,]   2.638461e-03   0.1688975   1.4786335
 [929,]   1.960386e-02   0.1691633   1.5171739
 [930,]   1.228060e-02   0.1610778   0.5424903
 [931,]   1.717854e-03   0.1666857   1.4783698
 [932,]   9.497750e-03   0.1671255   1.4848674
 [933,]   1.652026e-02   0.1836386   1.5208743
 [934,]   2.255450e-02   0.1439055   1.4868162
 [935,]   2.062855e-02   0.1822374   1.5062474
 [936,]   5.207148e-03   0.1806445   0.3856832
 [937,]   1.003082e-02   0.1688355   0.5405548
 [938,]   4.439204e-03   0.1676899   0.5347801
 [939,]   6.918424e-03   0.1522071   0.3892002
 [940,]   5.914220e-03   0.1696608   0.3827310
 [941,]   5.296963e-03   0.1747090   1.5089922
 [942,]   1.005095e-02   0.1744437   1.4781258
 [943,]   5.493610e-04   0.1633953   0.3806016
 [944,]   4.219724e-04   0.1800729   0.3792632
 [945,]   9.546747e-03   0.1583062   0.3840264
 [946,]   1.443801e-02   0.1774692   0.5421898
 [947,]   1.091110e-02   0.1785729   0.5489701
 [948,]   7.619461e-03   0.1788139   1.4965644
 [949,]   3.864009e-03   0.1657649   0.5495538
 [950,]   3.560749e-03   0.1707025   0.5495176
 [951,]   1.167996e-02   0.1631181   0.5482194
 [952,]   4.449162e-03   0.1601675   0.5526923
 [953,]   3.533586e-03   0.1703343   1.4782066
 [954,]   2.338198e-03   0.1605906   0.3877807
 [955,]   2.542937e-02   0.1673158   1.4869016
 [956,]   5.377614e-03   0.1940115   0.5563024
 [957,]   6.606923e-03   0.1644319   0.3846566
 [958,]   1.364787e-02   0.1739865   0.5423795
 [959,]   1.901362e-03   0.1686196   1.4824173
 [960,]   9.851288e-03   0.1727089   0.5478047
 [961,]   7.080576e-03   0.1670740   0.3888482
 [962,]   2.407272e-03   0.1664542   0.5528297
 [963,]   1.704229e-03   0.1719903   0.3844094
 [964,]   1.087242e-03   0.1620753   1.4878863
 [965,]   3.308503e-03   0.1705644   0.3846065
 [966,]   4.001981e-03   0.1864984   0.5436381
 [967,]   2.104092e-03   0.1775332   1.5029391
 [968,]   7.040432e-03   0.1723728   0.5365969
 [969,]   2.405205e-03   0.1632613   0.5551568
 [970,]   1.305547e-02   0.1794302   0.5417589
 [971,]   9.501360e-03   0.1722913   1.4801930
 [972,]   7.900553e-03   0.1557176   1.4959829
 [973,]   9.636150e-03   0.1798102   0.5407354
 [974,]   1.582567e-02   0.1565315   0.5564118
 [975,]   1.542566e-02   0.1601056   0.5420074
 [976,]   6.023289e-03   0.1609108   0.3830951
 [977,]   1.559039e-02   0.1603409   1.5169922
 [978,]   6.966102e-03   0.1608113   0.3833890
 [979,]   3.919177e-03   0.1639295   1.4791478
 [980,]   2.002154e-04   0.1686861   0.3811409
 [981,]   1.445061e-02   0.1703174   0.5508656
 [982,]   2.093418e-02   0.1724974   1.5081208
 [983,]   4.798703e-05   0.1664938   0.3845068
 [984,]   5.766626e-03   0.1711351   0.3836038
 [985,]   1.570685e-03   0.1844379   0.5410128
 [986,]   1.325648e-03   0.1734529   0.3897780
 [987,]   1.655313e-03   0.1835613   1.4948629
 [988,]   3.548646e-03   0.1813266   1.4764489
 [989,]   5.211617e-03   0.1662303   1.4779274
 [990,]   3.914684e-03   0.1699728   1.4780379
 [991,]   1.366338e-02   0.1701140   1.5164308
 [992,]   9.984967e-03   0.1716606   0.5481440
 [993,]   3.055531e-03   0.1679718   0.3830635
 [994,]   1.012620e-02   0.1769938   0.5427165
 [995,]   7.035371e-03   0.1688036   0.3889693
 [996,]   9.478439e-03   0.1779067   0.5478800
 [997,]   3.428737e-03   0.1679557   0.3857079
 [998,]   2.474066e-03   0.1694585   0.3884145
 [999,]   2.133529e-03   0.1758850   0.3832960
[1000,]   1.301878e-03   0.1867140   0.3830382
