                  e0           er          gf         gi         rf         ri
   [1,]   0.08157744   0.08157744   0.1207354   3.317077   3.722013   4.888353
   [2,]   0.08169284   0.08169284   0.1178705   3.389634   3.769806   4.839381
   [3,]   0.08268492   0.08268492   0.1118758   3.110362   3.816455   5.153859
   [4,]   0.08183546   0.08183546   0.1165154   3.359186   3.763075   4.848678
   [5,]   0.08298398   0.08298398   0.1115050   3.060435   3.777299   5.100535
   [6,]   0.08252354   0.08252354   0.1135236   3.138254   3.782574   5.065226
   [7,]   0.08248476   0.08248476   0.1150290   3.125145   3.744860   5.119984
   [8,]   0.08229674   0.08229674   0.1149596   3.146584   3.763720   5.060491
   [9,]   0.08265099   0.08265099   0.1120878   3.100502   3.786067   5.186327
  [10,]   0.08283698   0.08283698   0.1123052   3.089818   3.786464   5.064249
  [11,]   0.08239811   0.08239811   0.1141298   3.101003   3.764994   5.197214
  [12,]   0.08240183   0.08240183   0.1141139   3.106021   3.765531   5.197707
  [13,]   0.08266182   0.08266182   0.1106999   3.076219   3.833656   5.074233
  [14,]   0.08163211   0.08163211   0.1182737   3.391578   3.771675   4.806171
  [15,]   0.08258449   0.08258449   0.1123236   3.077981   3.774234   5.206875
  [16,]   0.08280898   0.08280898   0.1119316   3.107655   3.779005   5.080143
  [17,]   0.08148054   0.08148054   0.1185331   3.397571   3.775126   4.794271
  [18,]   0.08183369   0.08183369   0.1170472   3.349261   3.765723   4.817692
  [19,]   0.08222103   0.08222103   0.1173455   3.076098   3.729518   5.201868
  [20,]   0.08149544   0.08149544   0.1208559   3.323467   3.716484   4.900845
  [21,]   0.08239544   0.08239544   0.1163118   3.079635   3.753114   5.213095
  [22,]   0.08269544   0.08269544   0.1114387   3.103225   3.814593   5.154833
  [23,]   0.08236709   0.08236709   0.1184615   3.049316   3.713152   5.214011
  [24,]   0.08273639   0.08273639   0.1117996   3.082424   3.811217   5.151778
  [25,]   0.08146360   0.08146360   0.1184600   3.399265   3.768798   4.789816
  [26,]   0.08163112   0.08163112   0.1195230   3.348405   3.733825   4.898083
  [27,]   0.08241233   0.08241233   0.1149178   3.117499   3.744428   5.106087
  [28,]   0.08179782   0.08179782   0.1169351   3.354240   3.763781   4.841630
  [29,]   0.08327220   0.08327220   0.1120657   3.100435   3.817079   5.113763
  [30,]   0.08335483   0.08335483   0.1122727   3.124671   3.820279   5.090575
  [31,]   0.08287700   0.08287700   0.1118206   3.092523   3.783760   5.080097
  [32,]   0.08269745   0.08269745   0.1101963   3.075341   3.833124   5.069063
  [33,]   0.08232323   0.08232323   0.1144964   3.155877   3.768582   5.055379
  [34,]   0.08264497   0.08264497   0.1124533   3.087291   3.778231   5.184347
  [35,]   0.08311549   0.08311549   0.1118189   3.083013   3.802212   5.093136
  [36,]   0.08237606   0.08237606   0.1180050   3.064405   3.717819   5.225246
  [37,]   0.08269842   0.08269842   0.1115328   3.076366   3.808146   5.146995
  [38,]   0.08272260   0.08272260   0.1115706   3.101993   3.817078   5.160036
  [39,]   0.08142470   0.08142470   0.1186466   3.402316   3.765824   4.792540
  [40,]   0.08148163   0.08148163   0.1185357   3.399432   3.771924   4.791749
  [41,]   0.08191680   0.08191680   0.1167439   3.333778   3.759053   4.847897
  [42,]   0.08236679   0.08236679   0.1150034   3.110194   3.742383   5.101861
  [43,]   0.08181648   0.08181648   0.1168241   3.340830   3.763417   4.822957
  [44,]   0.08159623   0.08159623   0.1204994   3.343409   3.722291   4.899201
  [45,]   0.08148781   0.08148781   0.1189976   3.400632   3.762615   4.824829
  [46,]   0.08211986   0.08211986   0.1159752   3.085594   3.721205   5.109757
  [47,]   0.08191326   0.08191326   0.1160919   3.373418   3.772036   4.810852
  [48,]   0.08149061   0.08149061   0.1191738   3.402394   3.764787   4.825789
  [49,]   0.08175780   0.08175780   0.1166007   3.352438   3.773773   4.840471
  [50,]   0.08251087   0.08251087   0.1128097   3.130298   3.792803   5.037944
  [51,]   0.08180254   0.08180254   0.1169636   3.355385   3.761828   4.839046
  [52,]   0.08181685   0.08181685   0.1169035   3.344942   3.757565   4.828946
  [53,]   0.08234546   0.08234546   0.1181079   3.092245   3.735969   5.227086
  [54,]   0.08266051   0.08266051   0.1106358   3.076553   3.833124   5.072894
  [55,]   0.08339564   0.08339564   0.1121265   3.106382   3.825788   5.078675
  [56,]   0.08264388   0.08264388   0.1123657   3.087261   3.779406   5.183121
  [57,]   0.08233704   0.08233704   0.1152065   3.142367   3.755959   5.093019
  [58,]   0.08242429   0.08242429   0.1137443   3.113197   3.761914   5.211233
  [59,]   0.08196023   0.08196023   0.1160815   3.357574   3.778112   4.775097
  [60,]   0.08302193   0.08302193   0.1113214   3.069140   3.780183   5.096695
  [61,]   0.08252615   0.08252615   0.1126898   3.126881   3.790400   5.052761
  [62,]   0.08237276   0.08237276   0.1180624   3.083504   3.737281   5.225363
  [63,]   0.08198202   0.08198202   0.1160266   3.375802   3.781677   4.786012
  [64,]   0.08142197   0.08142197   0.1212930   3.336485   3.709300   4.908285
  [65,]   0.08240702   0.08240702   0.1149852   3.118492   3.744163   5.106775
  [66,]   0.08182624   0.08182624   0.1167045   3.339580   3.764800   4.827374
  [67,]   0.08226549   0.08226549   0.1144968   3.135335   3.757636   5.048330
  [68,]   0.08241285   0.08241285   0.1138396   3.109990   3.764774   5.203010
  [69,]   0.08231476   0.08231476   0.1148301   3.146113   3.763123   5.069779
  [70,]   0.08239709   0.08239709   0.1155947   3.085961   3.750239   5.185425
  [71,]   0.08150434   0.08150434   0.1209291   3.328573   3.716385   4.898269
  [72,]   0.08273196   0.08273196   0.1105387   3.087147   3.836181   5.079318
  [73,]   0.08238137   0.08238137   0.1150938   3.082376   3.753441   5.183420
  [74,]   0.08236175   0.08236175   0.1145691   3.092246   3.763968   5.178062
  [75,]   0.08250124   0.08250124   0.1141936   3.139900   3.769933   5.081937
  [76,]   0.08222113   0.08222113   0.1167800   3.092113   3.727669   5.121022
  [77,]   0.08242277   0.08242277   0.1137454   3.109723   3.769314   5.193308
  [78,]   0.08316789   0.08316789   0.1119854   3.097694   3.813176   5.130740
  [79,]   0.08178805   0.08178805   0.1166643   3.356891   3.775896   4.844321
  [80,]   0.08231882   0.08231882   0.1168358   3.089472   3.745539   5.217096
  [81,]   0.08246298   0.08246298   0.1152801   3.138891   3.749890   5.115226
  [82,]   0.08224176   0.08224176   0.1174152   3.051341   3.729908   5.193134
  [83,]   0.08177405   0.08177405   0.1170018   3.376890   3.781975   4.843013
  [84,]   0.08156065   0.08156065   0.1193382   3.371062   3.740177   4.864576
  [85,]   0.08157698   0.08157698   0.1194441   3.377710   3.741205   4.869392
  [86,]   0.08287722   0.08287722   0.1122652   3.094203   3.783989   5.072682
  [87,]   0.08158986   0.08158986   0.1207412   3.318890   3.722856   4.891038
  [88,]   0.08262781   0.08262781   0.1105074   3.077143   3.834636   5.067109
  [89,]   0.08159160   0.08159160   0.1192245   3.374225   3.740383   4.894395
  [90,]   0.08339854   0.08339854   0.1121200   3.106019   3.826307   5.078495
  [91,]   0.08297609   0.08297609   0.1116404   3.069779   3.777163   5.109735
  [92,]   0.08181511   0.08181511   0.1168901   3.354508   3.746829   4.822316
  [93,]   0.08319545   0.08319545   0.1123467   3.099448   3.810477   5.114381
  [94,]   0.08267842   0.08267842   0.1101967   3.075234   3.832998   5.058135
  [95,]   0.08226887   0.08226887   0.1144728   3.132469   3.757918   5.056262
  [96,]   0.08262868   0.08262868   0.1121223   3.104279   3.792918   5.177702
  [97,]   0.08187849   0.08187849   0.1166408   3.335930   3.758499   4.850813
  [98,]   0.08271334   0.08271334   0.1113873   3.097988   3.813912   5.150291
  [99,]   0.08255473   0.08255473   0.1123771   3.079258   3.773673   5.204785
 [100,]   0.08223793   0.08223793   0.1166553   3.088872   3.728468   5.124296
 [101,]   0.08247146   0.08247146   0.1128866   3.085978   3.769636   5.189564
 [102,]   0.08163084   0.08163084   0.1181717   3.396380   3.774217   4.805795
 [103,]   0.08222180   0.08222180   0.1167257   3.093826   3.728093   5.121617
 [104,]   0.08327541   0.08327541   0.1124211   3.107558   3.808189   5.114793
 [105,]   0.08150182   0.08150182   0.1208279   3.325411   3.716370   4.899724
 [106,]   0.08179983   0.08179983   0.1168594   3.339623   3.762993   4.818923
 [107,]   0.08270802   0.08270802   0.1102663   3.065048   3.833494   5.068445
 [108,]   0.08339599   0.08339599   0.1120557   3.112000   3.815531   5.097914
 [109,]   0.08248131   0.08248131   0.1131760   3.097857   3.768011   5.187616
 [110,]   0.08242561   0.08242561   0.1158044   3.089749   3.752974   5.192971
 [111,]   0.08267422   0.08267422   0.1122051   3.100333   3.788417   5.059020
 [112,]   0.08253789   0.08253789   0.1127005   3.081018   3.773049   5.194771
 [113,]   0.08159003   0.08159003   0.1204646   3.321910   3.722634   4.897148
 [114,]   0.08179549   0.08179549   0.1170782   3.372220   3.780909   4.848463
 [115,]   0.08236564   0.08236564   0.1180281   3.073065   3.723291   5.218641
 [116,]   0.08233853   0.08233853   0.1183504   3.082924   3.732888   5.223060
 [117,]   0.08261270   0.08261270   0.1105390   3.077249   3.833494   5.071354
 [118,]   0.08178106   0.08178106   0.1167487   3.347336   3.749907   4.821454
 [119,]   0.08153395   0.08153395   0.1201176   3.336550   3.725154   4.883758
 [120,]   0.08204983   0.08204983   0.1157142   3.340795   3.784175   4.762190
 [121,]   0.08153413   0.08153413   0.1200051   3.339958   3.728583   4.891320
 [122,]   0.08157588   0.08157588   0.1195464   3.384506   3.743315   4.874171
 [123,]   0.08228926   0.08228926   0.1153143   3.152271   3.759515   5.092061
 [124,]   0.08302467   0.08302467   0.1113051   3.069971   3.779281   5.097424
 [125,]   0.08313542   0.08313542   0.1121721   3.104199   3.811770   5.123923
 [126,]   0.08202935   0.08202935   0.1151611   3.314959   3.788501   4.756269
 [127,]   0.08186834   0.08186834   0.1163413   3.381933   3.769317   4.805146
 [128,]   0.08260897   0.08260897   0.1111884   3.089074   3.824297   5.110172
 [129,]   0.08143980   0.08143980   0.1188965   3.403699   3.763726   4.803484
 [130,]   0.08183107   0.08183107   0.1166071   3.349509   3.762036   4.844919
 [131,]   0.08172881   0.08172881   0.1166244   3.353949   3.773159   4.835806
 [132,]   0.08268542   0.08268542   0.1108592   3.073951   3.825041   5.115890
 [133,]   0.08271754   0.08271754   0.1117386   3.101261   3.815387   5.143356
 [134,]   0.08228026   0.08228026   0.1151759   3.148314   3.759669   5.081629
 [135,]   0.08269577   0.08269577   0.1107478   3.068544   3.821687   5.116695
 [136,]   0.08290211   0.08290211   0.1115588   3.081897   3.777906   5.080510
 [137,]   0.08244899   0.08244899   0.1138331   3.136896   3.772158   5.069820
 [138,]   0.08247663   0.08247663   0.1149110   3.114058   3.744803   5.116370
 [139,]   0.08268827   0.08268827   0.1117990   3.098199   3.813783   5.149617
 [140,]   0.08242440   0.08242440   0.1160174   3.090308   3.752645   5.195004
 [141,]   0.08237864   0.08237864   0.1149622   3.077294   3.753443   5.183403
 [142,]   0.08206221   0.08206221   0.1151525   3.335295   3.787311   4.761261
 [143,]   0.08323891   0.08323891   0.1119342   3.091401   3.820316   5.117254
 [144,]   0.08145745   0.08145745   0.1210311   3.334005   3.714365   4.908945
 [145,]   0.08336218   0.08336218   0.1121709   3.094808   3.821629   5.079354
 [146,]   0.08261760   0.08261760   0.1105281   3.081718   3.833227   5.071216
 [147,]   0.08273564   0.08273564   0.1117356   3.077811   3.809804   5.152031
 [148,]   0.08184865   0.08184865   0.1167082   3.341106   3.761718   4.830236
 [149,]   0.08236787   0.08236787   0.1186243   3.048542   3.711196   5.214685
 [150,]   0.08242533   0.08242533   0.1159258   3.088085   3.751968   5.195837
 [151,]   0.08197902   0.08197902   0.1162484   3.359564   3.775230   4.785683
 [152,]   0.08264649   0.08264649   0.1124481   3.090339   3.780364   5.185646
 [153,]   0.08238317   0.08238317   0.1180942   3.083633   3.735702   5.228738
 [154,]   0.08314300   0.08314300   0.1118262   3.087248   3.810383   5.107362
 [155,]   0.08205355   0.08205355   0.1158787   3.353511   3.784521   4.769660
 [156,]   0.08204892   0.08204892   0.1156925   3.329800   3.786897   4.760809
 [157,]   0.08324298   0.08324298   0.1123211   3.097087   3.816286   5.112407
 [158,]   0.08338131   0.08338131   0.1114618   3.082315   3.811475   5.051481
 [159,]   0.08341423   0.08341423   0.1121588   3.116605   3.821160   5.091215
 [160,]   0.08314695   0.08314695   0.1121346   3.094862   3.806986   5.131239
 [161,]   0.08160943   0.08160943   0.1203695   3.343813   3.725237   4.897671
 [162,]   0.08339601   0.08339601   0.1116070   3.085272   3.809938   5.063859
 [163,]   0.08233280   0.08233280   0.1163941   3.086249   3.753582   5.211173
 [164,]   0.08267726   0.08267726   0.1116771   3.087363   3.820219   5.124115
 [165,]   0.08239504   0.08239504   0.1138741   3.112908   3.763791   5.206921
 [166,]   0.08198193   0.08198193   0.1160057   3.347872   3.777727   4.776170
 [167,]   0.08237241   0.08237241   0.1181587   3.060415   3.715994   5.225996
 [168,]   0.08268010   0.08268010   0.1114260   3.091280   3.820850   5.120556
 [169,]   0.08263648   0.08263648   0.1103919   3.066809   3.832950   5.069468
 [170,]   0.08245867   0.08245867   0.1136307   3.106263   3.767458   5.194145
 [171,]   0.08249280   0.08249280   0.1131182   3.097456   3.767570   5.187807
 [172,]   0.08309071   0.08309071   0.1113918   3.070585   3.794367   5.103555
 [173,]   0.08178229   0.08178229   0.1167893   3.346352   3.750566   4.825381
 [174,]   0.08137512   0.08137512   0.1216372   3.331725   3.715139   4.900657
 [175,]   0.08338180   0.08338180   0.1117547   3.094432   3.810751   5.065666
 [176,]   0.08253621   0.08253621   0.1135462   3.138618   3.782848   5.065236
 [177,]   0.08244564   0.08244564   0.1143920   3.149406   3.769586   5.073738
 [178,]   0.08183539   0.08183539   0.1166794   3.339318   3.763340   4.828510
 [179,]   0.08240741   0.08240741   0.1137786   3.114612   3.763688   5.208064
 [180,]   0.08186097   0.08186097   0.1167442   3.349100   3.762738   4.847140
 [181,]   0.08205264   0.08205264   0.1153465   3.316145   3.782589   4.765063
 [182,]   0.08283396   0.08283396   0.1123333   3.090905   3.787619   5.066275
 [183,]   0.08237033   0.08237033   0.1161301   3.077883   3.754877   5.218114
 [184,]   0.08299354   0.08299354   0.1115480   3.065177   3.777415   5.109149
 [185,]   0.08326051   0.08326051   0.1122724   3.129424   3.823776   5.079333
 [186,]   0.08179398   0.08179398   0.1169393   3.355865   3.763911   4.844564
 [187,]   0.08311262   0.08311262   0.1116171   3.070106   3.794808   5.104139
 [188,]   0.08252383   0.08252383   0.1127368   3.123388   3.790174   5.052973
 [189,]   0.08156300   0.08156300   0.1193515   3.394090   3.758648   4.836147
 [190,]   0.08154960   0.08154960   0.1183514   3.393084   3.776814   4.785308
 [191,]   0.08205006   0.08205006   0.1153238   3.339420   3.787382   4.759852
 [192,]   0.08232042   0.08232042   0.1170092   3.092478   3.744804   5.227989
 [193,]   0.08183067   0.08183067   0.1165567   3.360404   3.763072   4.854855
 [194,]   0.08270987   0.08270987   0.1116674   3.078394   3.816955   5.132500
 [195,]   0.08327329   0.08327329   0.1121120   3.099079   3.817250   5.114376
 [196,]   0.08224212   0.08224212   0.1171414   3.054196   3.726297   5.203626
 [197,]   0.08164212   0.08164212   0.1193945   3.344790   3.733481   4.899984
 [198,]   0.08279458   0.08279458   0.1123776   3.092898   3.789071   5.065346
 [199,]   0.08202481   0.08202481   0.1151549   3.315460   3.788165   4.753970
 [200,]   0.08158849   0.08158849   0.1205600   3.320639   3.719136   4.900670
 [201,]   0.08151934   0.08151934   0.1201526   3.346442   3.726155   4.892242
 [202,]   0.08217373   0.08217373   0.1157026   3.095227   3.726282   5.103005
 [203,]   0.08226414   0.08226414   0.1172211   3.069931   3.732052   5.211875
 [204,]   0.08239885   0.08239885   0.1136123   3.106046   3.763140   5.200247
 [205,]   0.08176681   0.08176681   0.1169212   3.359565   3.749385   4.817231
 [206,]   0.08253024   0.08253024   0.1133761   3.136078   3.778768   5.067261
 [207,]   0.08206479   0.08206479   0.1160094   3.354881   3.785743   4.772780
 [208,]   0.08158590   0.08158590   0.1194263   3.376826   3.741690   4.867055
 [209,]   0.08182159   0.08182159   0.1169954   3.359020   3.754084   4.821933
 [210,]   0.08327941   0.08327941   0.1129441   3.119357   3.814679   5.096737
 [211,]   0.08270521   0.08270521   0.1117575   3.101186   3.815608   5.139661
 [212,]   0.08180714   0.08180714   0.1168677   3.351479   3.748432   4.818446
 [213,]   0.08184332   0.08184332   0.1168386   3.339800   3.755808   4.831867
 [214,]   0.08303770   0.08303770   0.1113438   3.069652   3.780172   5.098699
 [215,]   0.08257967   0.08257967   0.1110243   3.082274   3.818787   5.113312
 [216,]   0.08154192   0.08154192   0.1200075   3.339822   3.728105   4.892646
 [217,]   0.08250893   0.08250893   0.1130134   3.085673   3.766426   5.192315
 [218,]   0.08226453   0.08226453   0.1172001   3.068111   3.732464   5.214253
 [219,]   0.08268866   0.08268866   0.1111009   3.079334   3.825635   5.117592
 [220,]   0.08270607   0.08270607   0.1108402   3.069196   3.823983   5.119183
 [221,]   0.08237250   0.08237250   0.1169838   3.082456   3.745340   5.219559
 [222,]   0.08148216   0.08148216   0.1185233   3.398926   3.771539   4.789318
 [223,]   0.08313488   0.08313488   0.1117083   3.071210   3.796620   5.104599
 [224,]   0.08183514   0.08183514   0.1167425   3.344782   3.756493   4.847170
 [225,]   0.08262913   0.08262913   0.1105519   3.076640   3.835989   5.074714
 [226,]   0.08203684   0.08203684   0.1154263   3.322736   3.786327   4.762351
 [227,]   0.08219661   0.08219661   0.1168426   3.094789   3.726609   5.122735
 [228,]   0.08220101   0.08220101   0.1170046   3.090796   3.724123   5.124382
 [229,]   0.08164300   0.08164300   0.1176536   3.384749   3.772482   4.813669
 [230,]   0.08217960   0.08217960   0.1169745   3.098685   3.724096   5.127172
 [231,]   0.08268896   0.08268896   0.1116639   3.102990   3.805877   5.179652
 [232,]   0.08144421   0.08144421   0.1192126   3.407755   3.769520   4.788436
 [233,]   0.08225471   0.08225471   0.1152732   3.150024   3.759045   5.080191
 [234,]   0.08180373   0.08180373   0.1168763   3.358477   3.764981   4.849320
 [235,]   0.08158938   0.08158938   0.1194291   3.381469   3.743105   4.873196
 [236,]   0.08240157   0.08240157   0.1137099   3.113229   3.764534   5.197575
 [237,]   0.08240458   0.08240458   0.1136008   3.107890   3.762774   5.199499
 [238,]   0.08268437   0.08268437   0.1107569   3.070460   3.829895   5.104524
 [239,]   0.08211919   0.08211919   0.1159773   3.082233   3.718825   5.115614
 [240,]   0.08163442   0.08163442   0.1181934   3.393206   3.774810   4.801371
 [241,]   0.08181631   0.08181631   0.1168545   3.336406   3.762499   4.819044
 [242,]   0.08246641   0.08246641   0.1148331   3.111745   3.745525   5.109312
 [243,]   0.08169478   0.08169478   0.1176071   3.379223   3.773683   4.840863
 [244,]   0.08249037   0.08249037   0.1127310   3.074247   3.768162   5.183427
 [245,]   0.08205805   0.08205805   0.1156341   3.336204   3.785947   4.767632
 [246,]   0.08146520   0.08146520   0.1188077   3.405201   3.763504   4.805925
 [247,]   0.08148674   0.08148674   0.1185418   3.397195   3.770679   4.792838
 [248,]   0.08299459   0.08299459   0.1112500   3.070756   3.778169   5.094925
 [249,]   0.08244329   0.08244329   0.1140029   3.110439   3.766598   5.203329
 [250,]   0.08339558   0.08339558   0.1122241   3.114332   3.825151   5.075810
 [251,]   0.08223934   0.08223934   0.1175821   3.057683   3.731991   5.184559
 [252,]   0.08264074   0.08264074   0.1120114   3.101575   3.792753   5.179447
 [253,]   0.08312862   0.08312862   0.1116515   3.083856   3.807585   5.098329
 [254,]   0.08237941   0.08237941   0.1181744   3.078999   3.722827   5.222643
 [255,]   0.08259056   0.08259056   0.1104187   3.081832   3.831055   5.096460
 [256,]   0.08267919   0.08267919   0.1123923   3.098956   3.787897   5.058673
 [257,]   0.08327811   0.08327811   0.1123322   3.104619   3.812698   5.113388
 [258,]   0.08312864   0.08312864   0.1118108   3.082939   3.802723   5.088252
 [259,]   0.08264939   0.08264939   0.1122349   3.104424   3.781714   5.205358
 [260,]   0.08247708   0.08247708   0.1128371   3.081004   3.768766   5.186667
 [261,]   0.08247582   0.08247582   0.1152319   3.136471   3.750300   5.111860
 [262,]   0.08246786   0.08246786   0.1149355   3.126302   3.747119   5.122470
 [263,]   0.08252282   0.08252282   0.1127027   3.081419   3.771295   5.196224
 [264,]   0.08336040   0.08336040   0.1120878   3.099879   3.820883   5.084710
 [265,]   0.08249839   0.08249839   0.1127255   3.125968   3.789276   5.042243
 [266,]   0.08209514   0.08209514   0.1153244   3.330983   3.785896   4.766146
 [267,]   0.08265653   0.08265653   0.1121368   3.100083   3.786843   5.184822
 [268,]   0.08247465   0.08247465   0.1149283   3.113784   3.745098   5.107777
 [269,]   0.08262345   0.08262345   0.1104166   3.078762   3.829132   5.101459
 [270,]   0.08176422   0.08176422   0.1166997   3.361203   3.776296   4.833335
 [271,]   0.08224907   0.08224907   0.1154592   3.108720   3.733574   5.096056
 [272,]   0.08315874   0.08315874   0.1119708   3.096963   3.811997   5.126877
 [273,]   0.08248920   0.08248920   0.1131587   3.097745   3.768439   5.187721
 [274,]   0.08168252   0.08168252   0.1175726   3.383534   3.778271   4.830433
 [275,]   0.08267120   0.08267120   0.1119561   3.112110   3.814839   5.150099
 [276,]   0.08270673   0.08270673   0.1103013   3.078846   3.834459   5.072227
 [277,]   0.08232815   0.08232815   0.1167209   3.086229   3.748505   5.212931
 [278,]   0.08275749   0.08275749   0.1103209   3.080013   3.834020   5.092739
 [279,]   0.08229832   0.08229832   0.1171260   3.089916   3.742762   5.224020
 [280,]   0.08173475   0.08173475   0.1167035   3.359712   3.774256   4.843160
 [281,]   0.08179477   0.08179477   0.1169089   3.366942   3.779829   4.847866
 [282,]   0.08270346   0.08270346   0.1117868   3.107783   3.814117   5.161557
 [283,]   0.08153119   0.08153119   0.1200705   3.337045   3.725372   4.883681
 [284,]   0.08268629   0.08268629   0.1117941   3.099859   3.817185   5.149243
 [285,]   0.08334447   0.08334447   0.1122077   3.122376   3.820836   5.092001
 [286,]   0.08308345   0.08308345   0.1113605   3.071795   3.795460   5.106360
 [287,]   0.08325438   0.08325438   0.1122954   3.129860   3.822078   5.082998
 [288,]   0.08241195   0.08241195   0.1164683   3.089999   3.746133   5.211798
 [289,]   0.08235759   0.08235759   0.1161299   3.081255   3.753088   5.221284
 [290,]   0.08259771   0.08259771   0.1111184   3.088117   3.822632   5.108448
 [291,]   0.08262368   0.08262368   0.1105340   3.073431   3.834340   5.090582
 [292,]   0.08233326   0.08233326   0.1164814   3.084588   3.753503   5.210118
 [293,]   0.08242493   0.08242493   0.1160557   3.091294   3.751388   5.199724
 [294,]   0.08279354   0.08279354   0.1123233   3.091261   3.788290   5.067701
 [295,]   0.08275886   0.08275886   0.1124255   3.095954   3.788947   5.061755
 [296,]   0.08298320   0.08298320   0.1115239   3.059635   3.776175   5.100523
 [297,]   0.08162493   0.08162493   0.1176516   3.387021   3.768346   4.822433
 [298,]   0.08266467   0.08266467   0.1117798   3.106770   3.804626   5.179965
 [299,]   0.08224516   0.08224516   0.1151895   3.106267   3.735533   5.096553
 [300,]   0.08259390   0.08259390   0.1104029   3.079510   3.830929   5.101614
 [301,]   0.08147442   0.08147442   0.1188250   3.400999   3.764753   4.805928
 [302,]   0.08206208   0.08206208   0.1152932   3.319702   3.788964   4.752327
 [303,]   0.08338643   0.08338643   0.1117328   3.094964   3.812056   5.067211
 [304,]   0.08145658   0.08145658   0.1191174   3.405556   3.761027   4.818755
 [305,]   0.08160442   0.08160442   0.1193854   3.387772   3.757303   4.838823
 [306,]   0.08316470   0.08316470   0.1117800   3.093351   3.810069   5.119882
 [307,]   0.08289343   0.08289343   0.1123591   3.099207   3.782504   5.077698
 [308,]   0.08166246   0.08166246   0.1174655   3.383378   3.776277   4.831924
 [309,]   0.08178158   0.08178158   0.1170424   3.375285   3.781365   4.846685
 [310,]   0.08287640   0.08287640   0.1120492   3.099651   3.774904   5.096921
 [311,]   0.08149198   0.08149198   0.1188483   3.403740   3.765965   4.808970
 [312,]   0.08213052   0.08213052   0.1160182   3.086124   3.719271   5.127036
 [313,]   0.08171437   0.08171437   0.1172444   3.375385   3.781787   4.826344
 [314,]   0.08333159   0.08333159   0.1126861   3.114083   3.823179   5.094612
 [315,]   0.08237314   0.08237314   0.1180547   3.085789   3.740158   5.222403
 [316,]   0.08190141   0.08190141   0.1166735   3.335571   3.757787   4.850925
 [317,]   0.08142069   0.08142069   0.1213456   3.338647   3.709212   4.909162
 [318,]   0.08331352   0.08331352   0.1122058   3.101912   3.815703   5.119929
 [319,]   0.08237574   0.08237574   0.1183947   3.046692   3.712271   5.216208
 [320,]   0.08341261   0.08341261   0.1122014   3.110413   3.822127   5.087239
 [321,]   0.08226401   0.08226401   0.1176067   3.058230   3.730143   5.192162
 [322,]   0.08314898   0.08314898   0.1120886   3.102136   3.811752   5.130379
 [323,]   0.08303506   0.08303506   0.1113476   3.064837   3.784227   5.096079
 [324,]   0.08176336   0.08176336   0.1166949   3.360568   3.775174   4.842464
 [325,]   0.08239025   0.08239025   0.1164027   3.092964   3.749472   5.208499
 [326,]   0.08320282   0.08320282   0.1119876   3.096529   3.821353   5.108100
 [327,]   0.08164238   0.08164238   0.1178963   3.381656   3.771507   4.812558
 [328,]   0.08280598   0.08280598   0.1123923   3.089644   3.788518   5.067407
 [329,]   0.08153220   0.08153220   0.1203905   3.352298   3.726078   4.892718
 [330,]   0.08329329   0.08329329   0.1121794   3.101718   3.814417   5.119563
 [331,]   0.08183727   0.08183727   0.1164299   3.387149   3.767496   4.806181
 [332,]   0.08235682   0.08235682   0.1143589   3.093803   3.761878   5.194040
 [333,]   0.08199083   0.08199083   0.1162674   3.357958   3.774354   4.782695
 [334,]   0.08229359   0.08229359   0.1170128   3.072902   3.737732   5.223277
 [335,]   0.08153208   0.08153208   0.1200826   3.341791   3.726952   4.886480
 [336,]   0.08132413   0.08132413   0.1217898   3.338510   3.713456   4.896085
 [337,]   0.08199402   0.08199402   0.1161537   3.374667   3.780317   4.784554
 [338,]   0.08197932   0.08197932   0.1161131   3.368192   3.777018   4.775555
 [339,]   0.08296539   0.08296539   0.1114939   3.063262   3.773231   5.103142
 [340,]   0.08222477   0.08222477   0.1172512   3.046588   3.724891   5.199024
 [341,]   0.08180066   0.08180066   0.1169015   3.356607   3.764312   4.852444
 [342,]   0.08182888   0.08182888   0.1166893   3.345415   3.762540   4.846871
 [343,]   0.08148992   0.08148992   0.1190714   3.400676   3.764298   4.818623
 [344,]   0.08339541   0.08339541   0.1121146   3.119109   3.817356   5.097314
 [345,]   0.08147499   0.08147499   0.1188196   3.400911   3.764474   4.807411
 [346,]   0.08157470   0.08157470   0.1198398   3.346378   3.728893   4.878627
 [347,]   0.08331685   0.08331685   0.1121404   3.099722   3.809433   5.057547
 [348,]   0.08288121   0.08288121   0.1119146   3.092948   3.783601   5.080023
 [349,]   0.08265281   0.08265281   0.1122565   3.109965   3.781583   5.207001
 [350,]   0.08331813   0.08331813   0.1119944   3.097826   3.811763   5.057375
 [351,]   0.08175042   0.08175042   0.1164137   3.351852   3.747904   4.827670
 [352,]   0.08315096   0.08315096   0.1120443   3.101375   3.812180   5.126213
 [353,]   0.08262728   0.08262728   0.1120112   3.103548   3.792146   5.179743
 [354,]   0.08235255   0.08235255   0.1169775   3.085715   3.745580   5.217313
 [355,]   0.08154486   0.08154486   0.1205350   3.348872   3.724523   4.891000
 [356,]   0.08238068   0.08238068   0.1180503   3.088001   3.736902   5.233079
 [357,]   0.08226697   0.08226697   0.1175738   3.058104   3.730081   5.191739
 [358,]   0.08234649   0.08234649   0.1143568   3.137350   3.763738   5.066892
 [359,]   0.08250325   0.08250325   0.1130770   3.130560   3.784747   5.061530
 [360,]   0.08172873   0.08172873   0.1166263   3.354612   3.771731   4.838468
 [361,]   0.08149542   0.08149542   0.1198548   3.332817   3.722361   4.885244
 [362,]   0.08337788   0.08337788   0.1121281   3.122036   3.817902   5.095818
 [363,]   0.08249885   0.08249885   0.1141908   3.142356   3.770148   5.080016
 [364,]   0.08231239   0.08231239   0.1170162   3.078983   3.736797   5.226369
 [365,]   0.08145746   0.08145746   0.1186262   3.400550   3.768577   4.787836
 [366,]   0.08234366   0.08234366   0.1145357   3.149569   3.769085   5.066394
 [367,]   0.08158514   0.08158514   0.1195382   3.380401   3.740585   4.864805
 [368,]   0.08239804   0.08239804   0.1162119   3.079547   3.750383   5.211040
 [369,]   0.08268644   0.08268644   0.1115633   3.084031   3.817007   5.129787
 [370,]   0.08208165   0.08208165   0.1155515   3.333621   3.788166   4.756801
 [371,]   0.08248282   0.08248282   0.1129329   3.090707   3.770447   5.191894
 [372,]   0.08240218   0.08240218   0.1162834   3.073665   3.754514   5.205968
 [373,]   0.08230006   0.08230006   0.1142667   3.132354   3.763123   5.060680
 [374,]   0.08316052   0.08316052   0.1121403   3.101210   3.811977   5.126250
 [375,]   0.08154176   0.08154176   0.1203647   3.347667   3.724564   4.891357
 [376,]   0.08264281   0.08264281   0.1124282   3.088822   3.780728   5.184961
 [377,]   0.08238179   0.08238179   0.1183741   3.051177   3.713946   5.218458
 [378,]   0.08226789   0.08226789   0.1145059   3.135785   3.759479   5.057500
 [379,]   0.08146499   0.08146499   0.1185668   3.399732   3.769788   4.792215
 [380,]   0.08241824   0.08241824   0.1144648   3.072147   3.765249   5.180767
 [381,]   0.08167463   0.08167463   0.1175120   3.383364   3.774480   4.832795
 [382,]   0.08155461   0.08155461   0.1194580   3.374591   3.740471   4.871128
 [383,]   0.08230195   0.08230195   0.1169494   3.089364   3.744324   5.223005
 [384,]   0.08179206   0.08179206   0.1169198   3.349165   3.747349   4.822880
 [385,]   0.08163771   0.08163771   0.1177790   3.389449   3.768823   4.825578
 [386,]   0.08327238   0.08327238   0.1123659   3.105345   3.812807   5.113321
 [387,]   0.08153755   0.08153755   0.1201696   3.343225   3.726624   4.892891
 [388,]   0.08240224   0.08240224   0.1139056   3.113705   3.763446   5.207569
 [389,]   0.08314742   0.08314742   0.1118650   3.097744   3.822023   5.098838
 [390,]   0.08267995   0.08267995   0.1120586   3.100621   3.793700   5.185387
 [391,]   0.08269610   0.08269610   0.1116866   3.105795   3.814237   5.161332
 [392,]   0.08235009   0.08235009   0.1144472   3.150302   3.766516   5.068403
 [393,]   0.08238544   0.08238544   0.1151706   3.136894   3.753020   5.108718
 [394,]   0.08152769   0.08152769   0.1182799   3.394938   3.782018   4.791548
 [395,]   0.08147959   0.08147959   0.1208703   3.328648   3.713356   4.907216
 [396,]   0.08158578   0.08158578   0.1204798   3.318523   3.719784   4.899015
 [397,]   0.08265538   0.08265538   0.1119001   3.107131   3.795348   5.184117
 [398,]   0.08147282   0.08147282   0.1189096   3.397012   3.767657   4.797092
 [399,]   0.08327769   0.08327769   0.1121787   3.128725   3.822147   5.081985
 [400,]   0.08265169   0.08265169   0.1110651   3.076900   3.821164   5.114994
 [401,]   0.08326351   0.08326351   0.1128168   3.119292   3.813865   5.101485
 [402,]   0.08225618   0.08225618   0.1149910   3.109868   3.735723   5.097393
 [403,]   0.08261612   0.08261612   0.1104773   3.075740   3.834494   5.092278
 [404,]   0.08179986   0.08179986   0.1164673   3.360035   3.753715   4.829904
 [405,]   0.08227200   0.08227200   0.1175691   3.057839   3.730400   5.196301
 [406,]   0.08232762   0.08232762   0.1168583   3.086706   3.744404   5.218961
 [407,]   0.08240237   0.08240237   0.1136021   3.105997   3.764212   5.194590
 [408,]   0.08243112   0.08243112   0.1136806   3.111534   3.770179   5.195018
 [409,]   0.08239087   0.08239087   0.1180431   3.081016   3.725087   5.230647
 [410,]   0.08145536   0.08145536   0.1191824   3.403199   3.760532   4.809700
 [411,]   0.08314489   0.08314489   0.1115705   3.076386   3.802458   5.097776
 [412,]   0.08221219   0.08221219   0.1173358   3.073107   3.727025   5.199236
 [413,]   0.08240779   0.08240779   0.1164567   3.094588   3.746791   5.210064
 [414,]   0.08176563   0.08176563   0.1168113   3.356125   3.749855   4.815007
 [415,]   0.08180010   0.08180010   0.1164943   3.364235   3.755934   4.826127
 [416,]   0.08218386   0.08218386   0.1168083   3.086942   3.724308   5.123518
 [417,]   0.08233264   0.08233264   0.1154174   3.143325   3.751462   5.093334
 [418,]   0.08326117   0.08326117   0.1125108   3.110137   3.808044   5.121591
 [419,]   0.08210579   0.08210579   0.1160481   3.086609   3.722789   5.109688
 [420,]   0.08236800   0.08236800   0.1162453   3.080179   3.753765   5.209700
 [421,]   0.08271412   0.08271412   0.1115544   3.101252   3.817136   5.141141
 [422,]   0.08265974   0.08265974   0.1107753   3.073509   3.823658   5.122417
 [423,]   0.08232036   0.08232036   0.1170270   3.077563   3.739196   5.219816
 [424,]   0.08163323   0.08163323   0.1194103   3.344420   3.731770   4.896100
 [425,]   0.08160545   0.08160545   0.1196977   3.341465   3.729569   4.887627
 [426,]   0.08184468   0.08184468   0.1167147   3.346081   3.763605   4.826993
 [427,]   0.08340972   0.08340972   0.1121232   3.117912   3.818392   5.095908
 [428,]   0.08161942   0.08161942   0.1205772   3.343755   3.723847   4.893996
 [429,]   0.08264931   0.08264931   0.1107534   3.074219   3.823310   5.120518
 [430,]   0.08216368   0.08216368   0.1158397   3.092856   3.724128   5.113915
 [431,]   0.08302363   0.08302363   0.1113633   3.069747   3.779900   5.096823
 [432,]   0.08258088   0.08258088   0.1107949   3.072065   3.818197   5.112985
 [433,]   0.08157295   0.08157295   0.1206336   3.327646   3.723070   4.895878
 [434,]   0.08238347   0.08238347   0.1181723   3.078251   3.719552   5.227676
 [435,]   0.08270542   0.08270542   0.1113831   3.096991   3.816680   5.144828
 [436,]   0.08266339   0.08266339   0.1107144   3.079362   3.834091   5.073234
 [437,]   0.08293988   0.08293988   0.1115496   3.081190   3.777560   5.086382
 [438,]   0.08154424   0.08154424   0.1192995   3.368849   3.740542   4.868213
 [439,]   0.08237679   0.08237679   0.1181108   3.072521   3.724614   5.227257
 [440,]   0.08286847   0.08286847   0.1124232   3.096121   3.783380   5.073762
 [441,]   0.08250431   0.08250431   0.1126435   3.125704   3.790005   5.047519
 [442,]   0.08336958   0.08336958   0.1122403   3.098115   3.819600   5.089142
 [443,]   0.08216632   0.08216632   0.1154937   3.103813   3.729492   5.092420
 [444,]   0.08184305   0.08184305   0.1164522   3.349796   3.760232   4.845440
 [445,]   0.08311075   0.08311075   0.1116512   3.080701   3.804037   5.098281
 [446,]   0.08336425   0.08336425   0.1122090   3.100702   3.819584   5.088748
 [447,]   0.08263798   0.08263798   0.1116614   3.106717   3.803998   5.167882
 [448,]   0.08269521   0.08269521   0.1118616   3.111938   3.809843   5.180596
 [449,]   0.08178230   0.08178230   0.1164755   3.378900   3.760869   4.823387
 [450,]   0.08182049   0.08182049   0.1169514   3.353985   3.746335   4.821874
 [451,]   0.08336058   0.08336058   0.1122234   3.122957   3.818885   5.090491
 [452,]   0.08153400   0.08153400   0.1202978   3.346764   3.726618   4.893861
 [453,]   0.08289265   0.08289265   0.1120817   3.099916   3.773772   5.096818
 [454,]   0.08268542   0.08268542   0.1106307   3.068501   3.830148   5.106095
 [455,]   0.08330507   0.08330507   0.1122719   3.104738   3.813410   5.117987
 [456,]   0.08314144   0.08314144   0.1119262   3.103525   3.813888   5.113126
 [457,]   0.08153040   0.08153040   0.1202009   3.345429   3.727731   4.890081
 [458,]   0.08185010   0.08185010   0.1166985   3.342988   3.756797   4.849281
 [459,]   0.08242555   0.08242555   0.1140602   3.111305   3.767322   5.206893
 [460,]   0.08230668   0.08230668   0.1154475   3.149203   3.756424   5.092051
 [461,]   0.08268996   0.08268996   0.1118491   3.085953   3.820825   5.123988
 [462,]   0.08136481   0.08136481   0.1216328   3.331403   3.715618   4.889979
 [463,]   0.08176600   0.08176600   0.1165529   3.375852   3.756179   4.825052
 [464,]   0.08250003   0.08250003   0.1149418   3.116361   3.745398   5.113656
 [465,]   0.08276682   0.08276682   0.1103397   3.078356   3.836442   5.085875
 [466,]   0.08147088   0.08147088   0.1192511   3.406760   3.762190   4.822855
 [467,]   0.08225785   0.08225785   0.1150422   3.158167   3.760973   5.075144
 [468,]   0.08147943   0.08147943   0.1190996   3.408410   3.763808   4.822587
 [469,]   0.08297141   0.08297141   0.1114741   3.064301   3.774998   5.102936
 [470,]   0.08272080   0.08272080   0.1118814   3.103985   3.816395   5.155449
 [471,]   0.08220261   0.08220261   0.1169864   3.090616   3.725135   5.126204
 [472,]   0.08163486   0.08163486   0.1193849   3.347652   3.731353   4.895848
 [473,]   0.08296076   0.08296076   0.1114693   3.063165   3.774229   5.096121
 [474,]   0.08199801   0.08199801   0.1161355   3.375259   3.782383   4.785402
 [475,]   0.08144904   0.08144904   0.1190125   3.398935   3.771504   4.784217
 [476,]   0.08180288   0.08180288   0.1167788   3.340635   3.762830   4.816048
 [477,]   0.08175002   0.08175002   0.1169126   3.361015   3.778068   4.826770
 [478,]   0.08135453   0.08135453   0.1217777   3.335195   3.713803   4.893413
 [479,]   0.08146614   0.08146614   0.1190855   3.400518   3.765460   4.796941
 [480,]   0.08238106   0.08238106   0.1181490   3.074490   3.724268   5.223881
 [481,]   0.08200895   0.08200895   0.1160433   3.347632   3.779654   4.774714
 [482,]   0.08307514   0.08307514   0.1114170   3.066149   3.791331   5.099925
 [483,]   0.08268118   0.08268118   0.1124702   3.088375   3.781268   5.195932
 [484,]   0.08268502   0.08268502   0.1118512   3.099613   3.796021   5.181810
 [485,]   0.08261526   0.08261526   0.1123004   3.106731   3.780928   5.203387
 [486,]   0.08232993   0.08232993   0.1166568   3.086683   3.749329   5.211982
 [487,]   0.08326490   0.08326490   0.1125191   3.124906   3.821624   5.085363
 [488,]   0.08223095   0.08223095   0.1166483   3.086837   3.727305   5.124760
 [489,]   0.08148328   0.08148328   0.1191264   3.401130   3.763794   4.818587
 [490,]   0.08241566   0.08241566   0.1144860   3.151073   3.766868   5.063045
 [491,]   0.08169389   0.08169389   0.1177551   3.380442   3.769079   4.841423
 [492,]   0.08152666   0.08152666   0.1200963   3.342119   3.729536   4.886050
 [493,]   0.08309603   0.08309603   0.1114111   3.069222   3.794566   5.104570
 [494,]   0.08235866   0.08235866   0.1149332   3.119692   3.743875   5.107433
 [495,]   0.08269808   0.08269808   0.1119312   3.113078   3.815844   5.165179
 [496,]   0.08241064   0.08241064   0.1144922   3.148572   3.763487   5.068228
 [497,]   0.08271334   0.08271334   0.1118747   3.105536   3.815847   5.152306
 [498,]   0.08236210   0.08236210   0.1181557   3.082093   3.734952   5.228380
 [499,]   0.08319674   0.08319674   0.1122169   3.100385   3.810128   5.113815
 [500,]   0.08242037   0.08242037   0.1136702   3.111898   3.762807   5.207971
 [501,]   0.08320602   0.08320602   0.1119407   3.095655   3.821458   5.108489
 [502,]   0.08264174   0.08264174   0.1124799   3.103080   3.786173   5.057864
 [503,]   0.08183773   0.08183773   0.1166187   3.352182   3.762292   4.845588
 [504,]   0.08222189   0.08222189   0.1168286   3.091405   3.726553   5.121582
 [505,]   0.08250556   0.08250556   0.1126006   3.127879   3.795018   5.046865
 [506,]   0.08222707   0.08222707   0.1175325   3.052581   3.730065   5.184407
 [507,]   0.08160786   0.08160786   0.1203157   3.343706   3.725843   4.898738
 [508,]   0.08169119   0.08169119   0.1176762   3.379799   3.773711   4.839451
 [509,]   0.08215204   0.08215204   0.1161532   3.086262   3.720952   5.126501
 [510,]   0.08265541   0.08265541   0.1120911   3.101133   3.785854   5.188344
 [511,]   0.08260912   0.08260912   0.1109146   3.073077   3.819729   5.114439
 [512,]   0.08268388   0.08268388   0.1123999   3.100968   3.789171   5.056395
 [513,]   0.08268689   0.08268689   0.1123112   3.097482   3.784125   5.192726
 [514,]   0.08343061   0.08343061   0.1113555   3.075050   3.812041   5.050772
 [515,]   0.08210932   0.08210932   0.1159217   3.081498   3.720385   5.102008
 [516,]   0.08232558   0.08232558   0.1166330   3.086004   3.751366   5.210843
 [517,]   0.08157374   0.08157374   0.1192601   3.365657   3.736114   4.892801
 [518,]   0.08247745   0.08247745   0.1149247   3.122390   3.747271   5.125886
 [519,]   0.08226735   0.08226735   0.1173715   3.072682   3.731332   5.208742
 [520,]   0.08237954   0.08237954   0.1178861   3.080856   3.728934   5.229617
 [521,]   0.08244175   0.08244175   0.1133810   3.100049   3.767306   5.189182
 [522,]   0.08315282   0.08315282   0.1118079   3.087369   3.809748   5.115187
 [523,]   0.08331525   0.08331525   0.1119460   3.096804   3.810969   5.058532
 [524,]   0.08238120   0.08238120   0.1180561   3.074756   3.722166   5.225662
 [525,]   0.08204801   0.08204801   0.1154329   3.323592   3.786611   4.762966
 [526,]   0.08267139   0.08267139   0.1115481   3.087494   3.819789   5.126052
 [527,]   0.08154299   0.08154299   0.1206996   3.318879   3.721615   4.880239
 [528,]   0.08270928   0.08270928   0.1115381   3.073182   3.813967   5.141759
 [529,]   0.08224149   0.08224149   0.1172409   3.050740   3.726225   5.201980
 [530,]   0.08238260   0.08238260   0.1179500   3.079774   3.728020   5.230363
 [531,]   0.08252385   0.08252385   0.1134388   3.138475   3.779015   5.067216
 [532,]   0.08291202   0.08291202   0.1117432   3.088283   3.776330   5.086611
 [533,]   0.08181529   0.08181529   0.1169750   3.353151   3.761503   4.833050
 [534,]   0.08159924   0.08159924   0.1201914   3.339075   3.723078   4.897985
 [535,]   0.08237436   0.08237436   0.1185543   3.048699   3.712454   5.213083
 [536,]   0.08176290   0.08176290   0.1166936   3.354083   3.771478   4.840071
 [537,]   0.08237713   0.08237713   0.1181682   3.076849   3.723403   5.225847
 [538,]   0.08252107   0.08252107   0.1126586   3.127730   3.796051   5.044763
 [539,]   0.08258672   0.08258672   0.1104150   3.079633   3.830275   5.098519
 [540,]   0.08156582   0.08156582   0.1191458   3.376235   3.741391   4.884856
 [541,]   0.08227501   0.08227501   0.1151406   3.149104   3.759567   5.082583
 [542,]   0.08339917   0.08339917   0.1119026   3.087178   3.816913   5.082544
 [543,]   0.08140867   0.08140867   0.1212413   3.333302   3.713985   4.903489
 [544,]   0.08238445   0.08238445   0.1181390   3.074627   3.722721   5.230137
 [545,]   0.08203320   0.08203320   0.1159455   3.350300   3.786535   4.769305
 [546,]   0.08339362   0.08339362   0.1121315   3.113706   3.816085   5.095777
 [547,]   0.08292163   0.08292163   0.1117353   3.090091   3.774626   5.094813
 [548,]   0.08249425   0.08249425   0.1150189   3.122682   3.744700   5.120050
 [549,]   0.08240265   0.08240265   0.1162184   3.076932   3.750502   5.214566
 [550,]   0.08331437   0.08331437   0.1121749   3.129077   3.823688   5.094374
 [551,]   0.08309560   0.08309560   0.1114709   3.071418   3.794804   5.105240
 [552,]   0.08164575   0.08164575   0.1179997   3.384033   3.770085   4.807178
 [553,]   0.08238077   0.08238077   0.1181189   3.081003   3.722667   5.232773
 [554,]   0.08157971   0.08157971   0.1195127   3.383097   3.742926   4.874858
 [555,]   0.08293993   0.08293993   0.1116088   3.078947   3.776549   5.095349
 [556,]   0.08194930   0.08194930   0.1162668   3.376054   3.772619   4.807435
 [557,]   0.08240660   0.08240660   0.1181893   3.076348   3.722941   5.220719
 [558,]   0.08176918   0.08176918   0.1166502   3.361207   3.777182   4.842269
 [559,]   0.08329069   0.08329069   0.1128328   3.117011   3.818802   5.097658
 [560,]   0.08287392   0.08287392   0.1122712   3.095518   3.784298   5.072549
 [561,]   0.08312180   0.08312180   0.1117445   3.085629   3.808993   5.105013
 [562,]   0.08223960   0.08223960   0.1150527   3.103801   3.733344   5.093834
 [563,]   0.08181652   0.08181652   0.1167470   3.344429   3.764093   4.825195
 [564,]   0.08251465   0.08251465   0.1141873   3.141444   3.769662   5.080301
 [565,]   0.08260798   0.08260798   0.1105865   3.079126   3.834108   5.094055
 [566,]   0.08239710   0.08239710   0.1184103   3.055709   3.715384   5.220576
 [567,]   0.08253522   0.08253522   0.1133407   3.135682   3.782181   5.070297
 [568,]   0.08231858   0.08231858   0.1185449   3.049631   3.713884   5.204094
 [569,]   0.08246433   0.08246433   0.1142120   3.143870   3.769313   5.074732
 [570,]   0.08245118   0.08245118   0.1151097   3.135164   3.747398   5.117395
 [571,]   0.08198871   0.08198871   0.1162798   3.365700   3.778823   4.779304
 [572,]   0.08143389   0.08143389   0.1186092   3.403105   3.766050   4.790933
 [573,]   0.08221622   0.08221622   0.1173179   3.066237   3.725993   5.205002
 [574,]   0.08186021   0.08186021   0.1164357   3.343075   3.759798   4.845028
 [575,]   0.08218598   0.08218598   0.1170596   3.053911   3.724217   5.205747
 [576,]   0.08231367   0.08231367   0.1154866   3.147084   3.757297   5.093135
 [577,]   0.08247772   0.08247772   0.1129584   3.133874   3.786455   5.048088
 [578,]   0.08224244   0.08224244   0.1148878   3.102350   3.734214   5.101098
 [579,]   0.08157657   0.08157657   0.1197926   3.342059   3.727886   4.878184
 [580,]   0.08325521   0.08325521   0.1124207   3.127424   3.822188   5.082476
 [581,]   0.08237808   0.08237808   0.1162799   3.079904   3.754430   5.214039
 [582,]   0.08148061   0.08148061   0.1184884   3.399108   3.774365   4.793197
 [583,]   0.08174012   0.08174012   0.1167160   3.360790   3.775386   4.838730
 [584,]   0.08270131   0.08270131   0.1114320   3.100882   3.816858   5.146739
 [585,]   0.08183889   0.08183889   0.1167197   3.357538   3.763282   4.849606
 [586,]   0.08178005   0.08178005   0.1169599   3.375701   3.772914   4.840754
 [587,]   0.08266339   0.08266339   0.1117806   3.107775   3.805825   5.180378
 [588,]   0.08156376   0.08156376   0.1183274   3.404956   3.787836   4.785441
 [589,]   0.08237598   0.08237598   0.1145437   3.151881   3.764073   5.062864
 [590,]   0.08234445   0.08234445   0.1148715   3.120533   3.744316   5.103082
 [591,]   0.08226458   0.08226458   0.1144647   3.132119   3.757253   5.050777
 [592,]   0.08248090   0.08248090   0.1153146   3.138440   3.752519   5.111706
 [593,]   0.08185645   0.08185645   0.1171561   3.350068   3.750338   4.819354
 [594,]   0.08177584   0.08177584   0.1167723   3.375801   3.778784   4.847743
 [595,]   0.08156185   0.08156185   0.1198105   3.333856   3.728839   4.882503
 [596,]   0.08197942   0.08197942   0.1162098   3.379136   3.781189   4.784193
 [597,]   0.08232381   0.08232381   0.1165189   3.085921   3.752417   5.211559
 [598,]   0.08337298   0.08337298   0.1117328   3.099834   3.818464   5.066061
 [599,]   0.08242264   0.08242264   0.1138589   3.108332   3.764241   5.205685
 [600,]   0.08271040   0.08271040   0.1119345   3.106284   3.817027   5.154870
 [601,]   0.08265992   0.08265992   0.1124593   3.091677   3.782888   5.185760
 [602,]   0.08230173   0.08230173   0.1171041   3.090879   3.742994   5.219342
 [603,]   0.08229619   0.08229619   0.1143365   3.129501   3.759982   5.060236
 [604,]   0.08221783   0.08221783   0.1170507   3.092595   3.726166   5.126092
 [605,]   0.08181649   0.08181649   0.1167826   3.335762   3.762299   4.820980
 [606,]   0.08182314   0.08182314   0.1169882   3.354609   3.747411   4.819183
 [607,]   0.08337727   0.08337727   0.1122552   3.101313   3.819448   5.092746
 [608,]   0.08228946   0.08228946   0.1151879   3.150709   3.760916   5.083935
 [609,]   0.08297188   0.08297188   0.1116248   3.081108   3.777357   5.093520
 [610,]   0.08260842   0.08260842   0.1105696   3.077548   3.834759   5.089791
 [611,]   0.08148335   0.08148335   0.1187204   3.393262   3.763200   4.809308
 [612,]   0.08198188   0.08198188   0.1161979   3.361050   3.777694   4.778445
 [613,]   0.08269827   0.08269827   0.1119977   3.111118   3.816319   5.147336
 [614,]   0.08238149   0.08238149   0.1183558   3.047799   3.713114   5.216039
 [615,]   0.08326202   0.08326202   0.1119716   3.093460   3.820820   5.118976
 [616,]   0.08145686   0.08145686   0.1192701   3.402916   3.759337   4.816957
 [617,]   0.08170237   0.08170237   0.1170910   3.370489   3.779806   4.822393
 [618,]   0.08233368   0.08233368   0.1145252   3.155874   3.767100   5.054432
 [619,]   0.08205057   0.08205057   0.1155406   3.325744   3.786662   4.758418
 [620,]   0.08245618   0.08245618   0.1135908   3.107866   3.767925   5.194000
 [621,]   0.08239824   0.08239824   0.1181831   3.079868   3.721271   5.227141
 [622,]   0.08325757   0.08325757   0.1122777   3.129514   3.822891   5.082436
 [623,]   0.08282309   0.08282309   0.1119871   3.107295   3.778987   5.081849
 [624,]   0.08313626   0.08313626   0.1117091   3.079990   3.807615   5.091777
 [625,]   0.08229225   0.08229225   0.1144263   3.133715   3.761518   5.061009
 [626,]   0.08240452   0.08240452   0.1148578   3.114372   3.743723   5.111843
 [627,]   0.08177773   0.08177773   0.1166266   3.354173   3.774153   4.842643
 [628,]   0.08148625   0.08148625   0.1183002   3.398445   3.779785   4.793880
 [629,]   0.08188616   0.08188616   0.1167204   3.343588   3.759122   4.846919
 [630,]   0.08216514   0.08216514   0.1162357   3.086512   3.724112   5.122606
 [631,]   0.08241677   0.08241677   0.1150557   3.134340   3.748162   5.115987
 [632,]   0.08144702   0.08144702   0.1212057   3.339032   3.711390   4.909255
 [633,]   0.08204310   0.08204310   0.1156570   3.339402   3.785932   4.763701
 [634,]   0.08207302   0.08207302   0.1155656   3.336020   3.786557   4.755747
 [635,]   0.08293156   0.08293156   0.1114304   3.078991   3.778245   5.097693
 [636,]   0.08235217   0.08235217   0.1169429   3.087399   3.745334   5.217834
 [637,]   0.08306141   0.08306141   0.1113655   3.066326   3.784181   5.099647
 [638,]   0.08157077   0.08157077   0.1191887   3.381274   3.746975   4.847796
 [639,]   0.08267314   0.08267314   0.1117815   3.106455   3.806649   5.179569
 [640,]   0.08227005   0.08227005   0.1148125   3.141906   3.758571   5.057786
 [641,]   0.08183169   0.08183169   0.1166189   3.350626   3.763635   4.843157
 [642,]   0.08266279   0.08266279   0.1125460   3.086715   3.776787   5.197844
 [643,]   0.08205404   0.08205404   0.1156522   3.328141   3.785841   4.759735
 [644,]   0.08236617   0.08236617   0.1183839   3.059833   3.713876   5.218908
 [645,]   0.08266566   0.08266566   0.1124610   3.087425   3.782274   5.181521
 [646,]   0.08234570   0.08234570   0.1145163   3.147928   3.766470   5.064665
 [647,]   0.08272602   0.08272602   0.1102876   3.082316   3.835132   5.083733
 [648,]   0.08249231   0.08249231   0.1127869   3.073913   3.769354   5.184013
 [649,]   0.08160762   0.08160762   0.1204105   3.340667   3.724171   4.896507
 [650,]   0.08153196   0.08153196   0.1200755   3.338969   3.726359   4.884152
 [651,]   0.08291175   0.08291175   0.1120795   3.100031   3.773672   5.103371
 [652,]   0.08155542   0.08155542   0.1183191   3.400001   3.785274   4.793110
 [653,]   0.08263528   0.08263528   0.1110781   3.072738   3.816619   5.115129
 [654,]   0.08236745   0.08236745   0.1148479   3.115213   3.744439   5.103799
 [655,]   0.08160121   0.08160121   0.1195155   3.386068   3.740255   4.865083
 [656,]   0.08251256   0.08251256   0.1126921   3.125583   3.789399   5.045973
 [657,]   0.08237476   0.08237476   0.1180567   3.087257   3.737487   5.229566
 [658,]   0.08263600   0.08263600   0.1121030   3.105016   3.794139   5.179337
 [659,]   0.08234435   0.08234435   0.1169099   3.092544   3.747531   5.223420
 [660,]   0.08217296   0.08217296   0.1157461   3.092176   3.724664   5.104759
 [661,]   0.08226645   0.08226645   0.1145298   3.135831   3.759861   5.056016
 [662,]   0.08238051   0.08238051   0.1180990   3.058649   3.715823   5.225266
 [663,]   0.08292420   0.08292420   0.1115493   3.081037   3.777867   5.084017
 [664,]   0.08237625   0.08237625   0.1181851   3.088328   3.736722   5.233110
 [665,]   0.08258972   0.08258972   0.1125446   3.107475   3.787675   5.054177
 [666,]   0.08311713   0.08311713   0.1116499   3.079271   3.805743   5.103235
 [667,]   0.08224021   0.08224021   0.1149699   3.102398   3.733578   5.100348
 [668,]   0.08233171   0.08233171   0.1170371   3.077691   3.739546   5.218760
 [669,]   0.08222826   0.08222826   0.1174073   3.078019   3.729638   5.201251
 [670,]   0.08233328   0.08233328   0.1179567   3.082551   3.734506   5.204875
 [671,]   0.08176588   0.08176588   0.1165827   3.354433   3.773715   4.844312
 [672,]   0.08153589   0.08153589   0.1202143   3.342775   3.728308   4.885144
 [673,]   0.08328794   0.08328794   0.1121225   3.129563   3.823212   5.085171
 [674,]   0.08188270   0.08188270   0.1166912   3.346888   3.759253   4.848650
 [675,]   0.08235346   0.08235346   0.1145805   3.098660   3.764341   5.179654
 [676,]   0.08328678   0.08328678   0.1124690   3.108059   3.809569   5.115191
 [677,]   0.08154225   0.08154225   0.1197911   3.336073   3.729184   4.881050
 [678,]   0.08249714   0.08249714   0.1132725   3.093745   3.768393   5.185890
 [679,]   0.08233469   0.08233469   0.1145046   3.146438   3.765288   5.063737
 [680,]   0.08141835   0.08141835   0.1212777   3.339998   3.709864   4.906139
 [681,]   0.08160308   0.08160308   0.1205316   3.332598   3.722072   4.901165
 [682,]   0.08259402   0.08259402   0.1112961   3.092985   3.822397   5.113304
 [683,]   0.08343147   0.08343147   0.1112343   3.074917   3.812552   5.052242
 [684,]   0.08195272   0.08195272   0.1161792   3.360809   3.776629   4.772462
 [685,]   0.08221923   0.08221923   0.1173124   3.069632   3.725455   5.200484
 [686,]   0.08184025   0.08184025   0.1169277   3.350574   3.757643   4.826795
 [687,]   0.08313370   0.08313370   0.1116439   3.076257   3.801632   5.097162
 [688,]   0.08236174   0.08236174   0.1153580   3.143910   3.755410   5.096870
 [689,]   0.08241724   0.08241724   0.1162919   3.090348   3.750284   5.198238
 [690,]   0.08157440   0.08157440   0.1192526   3.377432   3.739653   4.890500
 [691,]   0.08237105   0.08237105   0.1182738   3.057311   3.714256   5.215950
 [692,]   0.08232350   0.08232350   0.1169538   3.074613   3.737779   5.216975
 [693,]   0.08152315   0.08152315   0.1202769   3.346633   3.725645   4.895124
 [694,]   0.08235312   0.08235312   0.1143827   3.094693   3.762396   5.191037
 [695,]   0.08152855   0.08152855   0.1198302   3.334753   3.727922   4.878068
 [696,]   0.08176354   0.08176354   0.1166949   3.375290   3.778899   4.845879
 [697,]   0.08235338   0.08235338   0.1182769   3.083708   3.732875   5.226680
 [698,]   0.08290694   0.08290694   0.1117372   3.092514   3.774401   5.095416
 [699,]   0.08263500   0.08263500   0.1107034   3.082222   3.833914   5.069318
 [700,]   0.08180579   0.08180579   0.1165470   3.386409   3.763837   4.810684
 [701,]   0.08201791   0.08201791   0.1159475   3.347111   3.781798   4.775067
 [702,]   0.08245384   0.08245384   0.1136777   3.111523   3.765635   5.199033
 [703,]   0.08237670   0.08237670   0.1143193   3.090356   3.762159   5.195499
 [704,]   0.08316674   0.08316674   0.1119185   3.095090   3.817889   5.101646
 [705,]   0.08221150   0.08221150   0.1173232   3.065902   3.723726   5.205448
 [706,]   0.08158012   0.08158012   0.1192623   3.368859   3.738989   4.894164
 [707,]   0.08182532   0.08182532   0.1169934   3.350049   3.762164   4.829740
 [708,]   0.08236432   0.08236432   0.1180696   3.075825   3.723746   5.224909
 [709,]   0.08158759   0.08158759   0.1196761   3.342742   3.729325   4.883431
 [710,]   0.08266759   0.08266759   0.1120786   3.101925   3.793580   5.180264
 [711,]   0.08313840   0.08313840   0.1118110   3.075671   3.800728   5.096404
 [712,]   0.08330276   0.08330276   0.1121116   3.129359   3.826157   5.091194
 [713,]   0.08285971   0.08285971   0.1122487   3.094768   3.785050   5.067182
 [714,]   0.08245574   0.08245574   0.1138648   3.136000   3.770932   5.069881
 [715,]   0.08261152   0.08261152   0.1123086   3.108281   3.782167   5.201154
 [716,]   0.08341363   0.08341363   0.1113348   3.078265   3.811465   5.057198
 [717,]   0.08233937   0.08233937   0.1184164   3.085066   3.733599   5.225557
 [718,]   0.08154814   0.08154814   0.1208105   3.319024   3.721064   4.882662
 [719,]   0.08237819   0.08237819   0.1149358   3.077378   3.754779   5.182106
 [720,]   0.08271608   0.08271608   0.1116156   3.079643   3.807991   5.150080
 [721,]   0.08266840   0.08266840   0.1107637   3.071380   3.826706   5.106152
 [722,]   0.08270774   0.08270774   0.1115425   3.102602   3.816293   5.145204
 [723,]   0.08251594   0.08251594   0.1127506   3.125550   3.789005   5.047415
 [724,]   0.08153733   0.08153733   0.1192705   3.396460   3.759321   4.835958
 [725,]   0.08224821   0.08224821   0.1155032   3.110996   3.733566   5.099060
 [726,]   0.08234816   0.08234816   0.1152253   3.142300   3.755667   5.095245
 [727,]   0.08253469   0.08253469   0.1127565   3.123930   3.788042   5.049193
 [728,]   0.08174582   0.08174582   0.1166034   3.353514   3.773213   4.839625
 [729,]   0.08157401   0.08157401   0.1192407   3.370107   3.739940   4.895867
 [730,]   0.08233231   0.08233231   0.1181001   3.090130   3.736361   5.207222
 [731,]   0.08264775   0.08264775   0.1116207   3.106788   3.803063   5.172405
 [732,]   0.08337043   0.08337043   0.1119382   3.093097   3.809660   5.062284
 [733,]   0.08236632   0.08236632   0.1169939   3.082088   3.743501   5.219046
 [734,]   0.08218908   0.08218908   0.1164023   3.090316   3.728794   5.121526
 [735,]   0.08236983   0.08236983   0.1181202   3.069095   3.719131   5.224236
 [736,]   0.08332934   0.08332934   0.1120881   3.123115   3.821967   5.093841
 [737,]   0.08163414   0.08163414   0.1176485   3.385220   3.769956   4.819904
 [738,]   0.08183690   0.08183690   0.1168498   3.349081   3.757073   4.826918
 [739,]   0.08302209   0.08302209   0.1113513   3.068481   3.779128   5.097317
 [740,]   0.08312709   0.08312709   0.1116404   3.082882   3.803450   5.097174
 [741,]   0.08226378   0.08226378   0.1175915   3.059256   3.730310   5.190182
 [742,]   0.08154476   0.08154476   0.1210073   3.332178   3.724786   4.881040
 [743,]   0.08271631   0.08271631   0.1116458   3.080631   3.808037   5.154463
 [744,]   0.08294974   0.08294974   0.1115281   3.082724   3.777785   5.086359
 [745,]   0.08228884   0.08228884   0.1152117   3.112026   3.738043   5.099988
 [746,]   0.08268859   0.08268859   0.1122505   3.102853   3.794284   5.183710
 [747,]   0.08254827   0.08254827   0.1124153   3.076996   3.770721   5.202947
 [748,]   0.08181582   0.08181582   0.1165158   3.358445   3.759501   4.850455
 [749,]   0.08244670   0.08244670   0.1142812   3.145574   3.769581   5.072363
 [750,]   0.08199632   0.08199632   0.1162786   3.373420   3.778267   4.788792
 [751,]   0.08237636   0.08237636   0.1143366   3.093241   3.763731   5.195560
 [752,]   0.08339311   0.08339311   0.1119047   3.088537   3.817661   5.081186
 [753,]   0.08234950   0.08234950   0.1170104   3.085892   3.745139   5.220981
 [754,]   0.08308084   0.08308084   0.1114526   3.074336   3.795107   5.101534
 [755,]   0.08140950   0.08140950   0.1216884   3.327084   3.717536   4.900369
 [756,]   0.08259210   0.08259210   0.1125478   3.109978   3.788188   5.053684
 [757,]   0.08266277   0.08266277   0.1124351   3.089546   3.783061   5.184881
 [758,]   0.08200525   0.08200525   0.1162841   3.377833   3.777851   4.801288
 [759,]   0.08268796   0.08268796   0.1120550   3.100760   3.793077   5.184397
 [760,]   0.08313418   0.08313418   0.1121063   3.103236   3.813125   5.128581
 [761,]   0.08238552   0.08238552   0.1144944   3.076151   3.765244   5.174976
 [762,]   0.08200339   0.08200339   0.1162788   3.376200   3.777030   4.798727
 [763,]   0.08241280   0.08241280   0.1149864   3.116969   3.744280   5.102246
 [764,]   0.08246219   0.08246219   0.1148359   3.115500   3.745420   5.112975
 [765,]   0.08145260   0.08145260   0.1183963   3.400479   3.777932   4.788068
 [766,]   0.08265412   0.08265412   0.1118627   3.112969   3.814636   5.152395
 [767,]   0.08336490   0.08336490   0.1120675   3.098139   3.821901   5.080396
 [768,]   0.08180478   0.08180478   0.1169172   3.365349   3.779186   4.849520
 [769,]   0.08217379   0.08217379   0.1158000   3.105032   3.729867   5.093384
 [770,]   0.08158651   0.08158651   0.1204016   3.343391   3.722944   4.894384
 [771,]   0.08229000   0.08229000   0.1153242   3.152454   3.757906   5.095440
 [772,]   0.08269118   0.08269118   0.1108756   3.075423   3.824910   5.117133
 [773,]   0.08326735   0.08326735   0.1125057   3.110225   3.810724   5.109201
 [774,]   0.08293368   0.08293368   0.1116021   3.079007   3.776226   5.095285
 [775,]   0.08221655   0.08221655   0.1173282   3.066729   3.725768   5.201138
 [776,]   0.08259739   0.08259739   0.1124060   3.084987   3.773780   5.203744
 [777,]   0.08337832   0.08337832   0.1113890   3.080528   3.809045   5.062847
 [778,]   0.08329820   0.08329820   0.1121842   3.101480   3.814999   5.120089
 [779,]   0.08265070   0.08265070   0.1123058   3.109246   3.782518   5.205755
 [780,]   0.08239475   0.08239475   0.1136285   3.107628   3.763981   5.200793
 [781,]   0.08150323   0.08150323   0.1199219   3.334926   3.725163   4.878084
 [782,]   0.08227234   0.08227234   0.1176289   3.057909   3.731751   5.197877
 [783,]   0.08180406   0.08180406   0.1170676   3.371895   3.781635   4.847422
 [784,]   0.08175062   0.08175062   0.1165440   3.380312   3.756640   4.824181
 [785,]   0.08270140   0.08270140   0.1101392   3.072789   3.832310   5.068938
 [786,]   0.08183790   0.08183790   0.1166925   3.346129   3.761455   4.844528
 [787,]   0.08246552   0.08246552   0.1139420   3.109818   3.763457   5.214243
 [788,]   0.08140994   0.08140994   0.1214325   3.324806   3.716277   4.904749
 [789,]   0.08153828   0.08153828   0.1184221   3.396506   3.777424   4.782590
 [790,]   0.08314104   0.08314104   0.1116281   3.085047   3.811393   5.102021
 [791,]   0.08181889   0.08181889   0.1169908   3.347227   3.764989   4.816400
 [792,]   0.08153115   0.08153115   0.1201643   3.339627   3.726588   4.888338
 [793,]   0.08156859   0.08156859   0.1208648   3.321583   3.722958   4.883292
 [794,]   0.08258008   0.08258008   0.1111540   3.088691   3.822805   5.108606
 [795,]   0.08226728   0.08226728   0.1146663   3.135650   3.757317   5.055466
 [796,]   0.08179333   0.08179333   0.1170152   3.369097   3.769070   4.846045
 [797,]   0.08266012   0.08266012   0.1113430   3.090171   3.820663   5.121644
 [798,]   0.08244743   0.08244743   0.1150821   3.136783   3.749471   5.113840
 [799,]   0.08245808   0.08245808   0.1150078   3.115881   3.744751   5.106693
 [800,]   0.08331111   0.08331111   0.1122091   3.131148   3.822945   5.093240
 [801,]   0.08248878   0.08248878   0.1133871   3.136117   3.781356   5.065020
 [802,]   0.08163514   0.08163514   0.1178637   3.380647   3.770095   4.809967
 [803,]   0.08263145   0.08263145   0.1124003   3.101502   3.778395   5.200652
 [804,]   0.08147430   0.08147430   0.1190633   3.398018   3.767399   4.796735
 [805,]   0.08291183   0.08291183   0.1121253   3.099117   3.776987   5.101842
 [806,]   0.08235939   0.08235939   0.1182496   3.089156   3.733282   5.233141
 [807,]   0.08231373   0.08231373   0.1143152   3.137786   3.763755   5.065846
 [808,]   0.08263954   0.08263954   0.1108022   3.081214   3.833359   5.071203
 [809,]   0.08177556   0.08177556   0.1168717   3.373615   3.781566   4.844448
 [810,]   0.08244114   0.08244114   0.1159426   3.088536   3.752448   5.195383
 [811,]   0.08198803   0.08198803   0.1162947   3.367066   3.778344   4.777332
 [812,]   0.08338456   0.08338456   0.1121345   3.112698   3.824638   5.077560
 [813,]   0.08283110   0.08283110   0.1119011   3.104305   3.778859   5.082045
 [814,]   0.08206605   0.08206605   0.1154622   3.336199   3.785791   4.762909
 [815,]   0.08172899   0.08172899   0.1166386   3.355132   3.773494   4.837822
 [816,]   0.08266095   0.08266095   0.1115235   3.096622   3.823254   5.115801
 [817,]   0.08315839   0.08315839   0.1120863   3.093836   3.808834   5.134230
 [818,]   0.08263248   0.08263248   0.1124558   3.096185   3.778501   5.191590
 [819,]   0.08236875   0.08236875   0.1153123   3.083461   3.751321   5.181202
 [820,]   0.08221182   0.08221182   0.1154325   3.111334   3.731968   5.098994
 [821,]   0.08314162   0.08314162   0.1117487   3.082101   3.804808   5.096158
 [822,]   0.08157889   0.08157889   0.1192866   3.378591   3.751414   4.838159
 [823,]   0.08211997   0.08211997   0.1159294   3.080284   3.719806   5.115698
 [824,]   0.08175928   0.08175928   0.1167838   3.355781   3.772908   4.843782
 [825,]   0.08197583   0.08197583   0.1163136   3.380518   3.780665   4.782902
 [826,]   0.08181899   0.08181899   0.1170291   3.358636   3.765460   4.849540
 [827,]   0.08189303   0.08189303   0.1163101   3.376142   3.769693   4.806974
 [828,]   0.08327813   0.08327813   0.1120473   3.095036   3.818511   5.117208
 [829,]   0.08202989   0.08202989   0.1153806   3.323498   3.783822   4.764963
 [830,]   0.08234115   0.08234115   0.1144813   3.084298   3.765884   5.170717
 [831,]   0.08237492   0.08237492   0.1157365   3.094699   3.750441   5.184318
 [832,]   0.08265127   0.08265127   0.1102864   3.063035   3.832895   5.072664
 [833,]   0.08263093   0.08263093   0.1123841   3.096974   3.778728   5.195430
 [834,]   0.08226452   0.08226452   0.1151218   3.156587   3.761642   5.075571
 [835,]   0.08238181   0.08238181   0.1180622   3.084951   3.739817   5.219353
 [836,]   0.08164984   0.08164984   0.1177144   3.384688   3.771458   4.817857
 [837,]   0.08183910   0.08183910   0.1166930   3.346240   3.757959   4.847069
 [838,]   0.08238571   0.08238571   0.1181441   3.085859   3.737786   5.221714
 [839,]   0.08342528   0.08342528   0.1118188   3.094051   3.819184   5.077208
 [840,]   0.08227995   0.08227995   0.1176147   3.065070   3.730482   5.197428
 [841,]   0.08238640   0.08238640   0.1142136   3.093137   3.762911   5.200720
 [842,]   0.08232768   0.08232768   0.1163184   3.088657   3.754581   5.213897
 [843,]   0.08225833   0.08225833   0.1144778   3.134483   3.758951   5.054296
 [844,]   0.08217830   0.08217830   0.1162920   3.085228   3.726390   5.119948
 [845,]   0.08209224   0.08209224   0.1154617   3.331152   3.790020   4.754318
 [846,]   0.08224151   0.08224151   0.1151015   3.106079   3.732624   5.102426
 [847,]   0.08293269   0.08293269   0.1114254   3.077957   3.779033   5.092924
 [848,]   0.08162048   0.08162048   0.1177131   3.387309   3.768019   4.822897
 [849,]   0.08236980   0.08236980   0.1181299   3.087166   3.738616   5.228158
 [850,]   0.08237347   0.08237347   0.1169302   3.082158   3.744822   5.222698
 [851,]   0.08235373   0.08235373   0.1151371   3.142839   3.753956   5.099789
 [852,]   0.08148113   0.08148113   0.1188170   3.393571   3.763256   4.808824
 [853,]   0.08145987   0.08145987   0.1209162   3.331646   3.713338   4.905890
 [854,]   0.08261218   0.08261218   0.1106343   3.081470   3.834287   5.089526
 [855,]   0.08343485   0.08343485   0.1109588   3.079558   3.809239   5.055394
 [856,]   0.08182529   0.08182529   0.1168486   3.343668   3.756516   4.829404
 [857,]   0.08238632   0.08238632   0.1145079   3.152153   3.765556   5.062251
 [858,]   0.08233157   0.08233157   0.1179408   3.079795   3.732977   5.204348
 [859,]   0.08155750   0.08155750   0.1206740   3.319460   3.720107   4.888072
 [860,]   0.08245349   0.08245349   0.1139469   3.108548   3.765342   5.207200
 [861,]   0.08181453   0.08181453   0.1165666   3.389392   3.766926   4.805781
 [862,]   0.08154671   0.08154671   0.1183443   3.406249   3.785359   4.788011
 [863,]   0.08151923   0.08151923   0.1198742   3.333062   3.726721   4.877750
 [864,]   0.08332292   0.08332292   0.1120444   3.098699   3.810583   5.058562
 [865,]   0.08263330   0.08263330   0.1122478   3.101054   3.785684   5.055397
 [866,]   0.08341505   0.08341505   0.1120256   3.111605   3.818343   5.093093
 [867,]   0.08181787   0.08181787   0.1169228   3.353114   3.747807   4.821488
 [868,]   0.08238079   0.08238079   0.1152823   3.082621   3.751074   5.181158
 [869,]   0.08335830   0.08335830   0.1121612   3.104078   3.820429   5.081962
 [870,]   0.08233866   0.08233866   0.1177855   3.070758   3.730120   5.210496
 [871,]   0.08251119   0.08251119   0.1126942   3.127434   3.788987   5.047975
 [872,]   0.08236385   0.08236385   0.1161160   3.081579   3.754190   5.223006
 [873,]   0.08330920   0.08330920   0.1126720   3.117932   3.822700   5.097652
 [874,]   0.08162997   0.08162997   0.1177122   3.393235   3.767670   4.829423
 [875,]   0.08243442   0.08243442   0.1145213   3.150802   3.769198   5.063982
 [876,]   0.08324475   0.08324475   0.1120015   3.093894   3.822041   5.110645
 [877,]   0.08259969   0.08259969   0.1107781   3.070828   3.820543   5.115023
 [878,]   0.08262513   0.08262513   0.1104975   3.076267   3.834048   5.070819
 [879,]   0.08263870   0.08263870   0.1114887   3.094257   3.820974   5.119683
 [880,]   0.08145773   0.08145773   0.1191269   3.407787   3.764007   4.818247
 [881,]   0.08311715   0.08311715   0.1116490   3.083627   3.807274   5.096904
 [882,]   0.08272327   0.08272327   0.1114181   3.099480   3.813822   5.151589
 [883,]   0.08239943   0.08239943   0.1181321   3.074063   3.723226   5.224482
 [884,]   0.08235257   0.08235257   0.1152742   3.143650   3.754801   5.101939
 [885,]   0.08230901   0.08230901   0.1153892   3.150882   3.758826   5.094822
 [886,]   0.08155860   0.08155860   0.1206642   3.316189   3.721193   4.883715
 [887,]   0.08245064   0.08245064   0.1149358   3.117984   3.745498   5.107244
 [888,]   0.08240331   0.08240331   0.1141319   3.103440   3.764563   5.199708
 [889,]   0.08234559   0.08234559   0.1177743   3.072277   3.730774   5.210057
 [890,]   0.08180202   0.08180202   0.1163844   3.383412   3.767692   4.805983
 [891,]   0.08263873   0.08263873   0.1108001   3.084028   3.833568   5.070508
 [892,]   0.08181528   0.08181528   0.1169775   3.353091   3.761800   4.832365
 [893,]   0.08177236   0.08177236   0.1166258   3.354884   3.777942   4.845891
 [894,]   0.08155574   0.08155574   0.1182899   3.395496   3.772924   4.792701
 [895,]   0.08155865   0.08155865   0.1191928   3.373415   3.751310   4.838584
 [896,]   0.08263492   0.08263492   0.1118179   3.101259   3.799236   5.164119
 [897,]   0.08282966   0.08282966   0.1119096   3.104623   3.779629   5.082743
 [898,]   0.08315286   0.08315286   0.1117534   3.085779   3.810920   5.102608
 [899,]   0.08194604   0.08194604   0.1160783   3.370305   3.772705   4.815083
 [900,]   0.08328523   0.08328523   0.1124163   3.107453   3.808757   5.115306
 [901,]   0.08294821   0.08294821   0.1115834   3.080750   3.778282   5.083845
 [902,]   0.08238306   0.08238306   0.1149632   3.134599   3.752401   5.110696
 [903,]   0.08176696   0.08176696   0.1166261   3.376797   3.776612   4.842086
 [904,]   0.08149167   0.08149167   0.1189390   3.403550   3.765225   4.805598
 [905,]   0.08236153   0.08236153   0.1151910   3.142898   3.754119   5.101369
 [906,]   0.08232764   0.08232764   0.1148904   3.146695   3.762158   5.073574
 [907,]   0.08178755   0.08178755   0.1168403   3.355460   3.777904   4.831830
 [908,]   0.08196108   0.08196108   0.1163234   3.374906   3.775119   4.797940
 [909,]   0.08248292   0.08248292   0.1131858   3.095113   3.767478   5.186825
 [910,]   0.08139490   0.08139490   0.1212775   3.332666   3.711826   4.903739
 [911,]   0.08237654   0.08237654   0.1181898   3.078804   3.720973   5.229961
 [912,]   0.08234223   0.08234223   0.1144743   3.149544   3.765728   5.067355
 [913,]   0.08223653   0.08223653   0.1165714   3.084155   3.726898   5.125090
 [914,]   0.08231167   0.08231167   0.1148437   3.139505   3.763152   5.057952
 [915,]   0.08271808   0.08271808   0.1114666   3.100022   3.814620   5.161579
 [916,]   0.08221398   0.08221398   0.1155062   3.100969   3.730841   5.099312
 [917,]   0.08237502   0.08237502   0.1180133   3.080572   3.737463   5.226005
 [918,]   0.08261644   0.08261644   0.1108566   3.068520   3.820522   5.115793
 [919,]   0.08237178   0.08237178   0.1144373   3.150513   3.766300   5.058326
 [920,]   0.08244849   0.08244849   0.1151649   3.134958   3.747970   5.120503
 [921,]   0.08264956   0.08264956   0.1124325   3.089073   3.780901   5.183852
 [922,]   0.08175034   0.08175034   0.1166180   3.351705   3.773607   4.841885
 [923,]   0.08158789   0.08158789   0.1207150   3.315260   3.720820   4.893059
 [924,]   0.08338909   0.08338909   0.1121704   3.112699   3.824023   5.077593
 [925,]   0.08331516   0.08331516   0.1122026   3.127340   3.821778   5.094802
 [926,]   0.08239324   0.08239324   0.1157683   3.091456   3.749961   5.184514
 [927,]   0.08344081   0.08344081   0.1111821   3.076891   3.814429   5.054429
 [928,]   0.08230709   0.08230709   0.1153622   3.151884   3.757460   5.096681
 [929,]   0.08156709   0.08156709   0.1198862   3.335519   3.729306   4.881374
 [930,]   0.08225072   0.08225072   0.1149458   3.100125   3.734627   5.097673
 [931,]   0.08240378   0.08240378   0.1143431   3.149050   3.766153   5.063382
 [932,]   0.08269247   0.08269247   0.1101991   3.072449   3.832551   5.067218
 [933,]   0.08269938   0.08269938   0.1119123   3.113150   3.816279   5.168596
 [934,]   0.08176698   0.08176698   0.1167240   3.354319   3.776632   4.842670
 [935,]   0.08208644   0.08208644   0.1155151   3.332373   3.785258   4.755425
 [936,]   0.08340644   0.08340644   0.1117321   3.099426   3.820993   5.070060
 [937,]   0.08229446   0.08229446   0.1175704   3.060214   3.729786   5.197199
 [938,]   0.08326081   0.08326081   0.1120218   3.095929   3.817738   5.113800
 [939,]   0.08256213   0.08256213   0.1125767   3.073591   3.772955   5.199628
 [940,]   0.08145712   0.08145712   0.1184042   3.398650   3.775644   4.790069
 [941,]   0.08266751   0.08266751   0.1107545   3.072935   3.824432   5.118912
 [942,]   0.08233059   0.08233059   0.1167346   3.086485   3.749274   5.213317
 [943,]   0.08266714   0.08266714   0.1120235   3.112320   3.814820   5.141422
 [944,]   0.08341697   0.08341697   0.1118787   3.091663   3.815094   5.084586
 [945,]   0.08175553   0.08175553   0.1168427   3.360128   3.777885   4.827805
 [946,]   0.08141987   0.08141987   0.1215716   3.331322   3.718048   4.902752
 [947,]   0.08233415   0.08233415   0.1182304   3.083385   3.731684   5.225651
 [948,]   0.08336784   0.08336784   0.1121916   3.103189   3.819343   5.081925
 [949,]   0.08262212   0.08262212   0.1105204   3.077971   3.833430   5.073287
 [950,]   0.08170321   0.08170321   0.1176460   3.380635   3.769859   4.842246
 [951,]   0.08232027   0.08232027   0.1168544   3.091138   3.747308   5.215991
 [952,]   0.08211033   0.08211033   0.1155117   3.332681   3.790547   4.757873
 [953,]   0.08320451   0.08320451   0.1119122   3.094206   3.821278   5.110135
 [954,]   0.08159490   0.08159490   0.1201974   3.342099   3.724584   4.896536
 [955,]   0.08313978   0.08313978   0.1117146   3.086228   3.808819   5.115759
 [956,]   0.08143126   0.08143126   0.1189020   3.403732   3.768171   4.791402
 [957,]   0.08261339   0.08261339   0.1123094   3.108624   3.780595   5.202180
 [958,]   0.08336720   0.08336720   0.1119429   3.093701   3.809240   5.063596
 [959,]   0.08226952   0.08226952   0.1150413   3.158457   3.761402   5.077253
 [960,]   0.08315300   0.08315300   0.1119861   3.086009   3.810134   5.113598
 [961,]   0.08233949   0.08233949   0.1162866   3.086143   3.754241   5.214427
 [962,]   0.08308031   0.08308031   0.1113369   3.064426   3.790580   5.095556
 [963,]   0.08327756   0.08327756   0.1124484   3.103436   3.810613   5.114144
 [964,]   0.08238228   0.08238228   0.1153892   3.082343   3.751251   5.183571
 [965,]   0.08269007   0.08269007   0.1110106   3.077534   3.824914   5.118781
 [966,]   0.08339686   0.08339686   0.1116048   3.093106   3.810421   5.071944
 [967,]   0.08181265   0.08181265   0.1169464   3.349027   3.763466   4.819498
 [968,]   0.08239494   0.08239494   0.1163223   3.081864   3.751611   5.210849
 [969,]   0.08155840   0.08155840   0.1195395   3.386789   3.740114   4.857587
 [970,]   0.08314208   0.08314208   0.1117197   3.083848   3.804918   5.103315
 [971,]   0.08196862   0.08196862   0.1163051   3.376251   3.779292   4.783588
 [972,]   0.08236876   0.08236876   0.1180539   3.086075   3.739334   5.228547
 [973,]   0.08196047   0.08196047   0.1162657   3.357973   3.774409   4.783577
 [974,]   0.08312010   0.08312010   0.1117492   3.102099   3.820661   5.098223
 [975,]   0.08159061   0.08159061   0.1202811   3.325300   3.722717   4.895601
 [976,]   0.08240382   0.08240382   0.1181272   3.077545   3.721384   5.225444
 [977,]   0.08261870   0.08261870   0.1106577   3.083594   3.834003   5.087970
 [978,]   0.08268865   0.08268865   0.1104804   3.067421   3.831549   5.104263
 [979,]   0.08170472   0.08170472   0.1171822   3.373614   3.781462   4.819432
 [980,]   0.08263286   0.08263286   0.1123489   3.112515   3.781307   5.206335
 [981,]   0.08338232   0.08338232   0.1121410   3.112814   3.822239   5.077126
 [982,]   0.08177923   0.08177923   0.1166829   3.377868   3.777207   4.840762
 [983,]   0.08235167   0.08235167   0.1149321   3.137519   3.749339   5.110988
 [984,]   0.08240002   0.08240002   0.1135776   3.106380   3.764010   5.196299
 [985,]   0.08233858   0.08233858   0.1169329   3.091016   3.745710   5.223702
 [986,]   0.08259198   0.08259198   0.1104468   3.077567   3.830819   5.093311
 [987,]   0.08156949   0.08156949   0.1193489   3.374384   3.753885   4.835822
 [988,]   0.08181801   0.08181801   0.1169249   3.359846   3.764961   4.852190
 [989,]   0.08236349   0.08236349   0.1150403   3.113651   3.742599   5.103045
 [990,]   0.08342269   0.08342269   0.1111817   3.075655   3.815505   5.047868
 [991,]   0.08232715   0.08232715   0.1167707   3.087348   3.748075   5.215029
 [992,]   0.08263619   0.08263619   0.1125315   3.104755   3.786508   5.058045
 [993,]   0.08232142   0.08232142   0.1178358   3.079382   3.733714   5.204163
 [994,]   0.08300831   0.08300831   0.1115219   3.061940   3.777386   5.107688
 [995,]   0.08179891   0.08179891   0.1165394   3.382690   3.762289   4.812836
 [996,]   0.08222671   0.08222671   0.1174590   3.053402   3.728790   5.190362
 [997,]   0.08189959   0.08189959   0.1166516   3.336818   3.759739   4.845872
 [998,]   0.08228812   0.08228812   0.1146458   3.132468   3.761840   5.052791
 [999,]   0.08239997   0.08239997   0.1150248   3.135756   3.748648   5.116617
[1000,]   0.08187752   0.08187752   0.1165397   3.341548   3.758882   4.848370
