obsx obsy
 70.906697  61.897964
 41.504172  35.902954
 60.861647  48.033782
 32.566236  47.158457
 90.475942 105.712304
 61.584024  41.560896
 76.749148  79.349942
 47.229690  36.085491
 41.045062  54.072444
 87.324934 115.779084
 91.530673 102.536535
 49.592254  51.931439
 82.569276  88.130826
 61.029939  66.655251
 63.564001  68.716366
 40.552014  38.769096
 27.598336   5.834792
 36.946466  48.507782
 52.057855  67.896709
 28.786482  24.317804
 89.007568  81.220449
 88.641529  99.623361
 37.413603  43.238476
 93.405966  72.870254
 26.081773  37.862097
 38.503841  50.412342
 63.222797  64.261505
 75.953180 112.385124
 82.378547  63.968355
 69.947990  69.909364
