                e0           ga           gb         ra          rb
   [1,]   8.155295   0.10877080   0.09652351   1.274725    5.746041
   [2,]   3.757557   0.08772028   0.24235230   4.423822    3.009152
   [3,]   8.155295   0.10877080   0.09652351   1.274725    5.746041
   [4,]   1.516056   0.03564846   0.29371205   3.026597   10.918644
   [5,]   1.516056   0.03564846   0.29371205   3.026597   10.918644
   [6,]   3.757557   0.08772028   0.24235230   4.423822    3.009152
   [7,]   3.757557   0.08772028   0.24235230   4.423822    3.009152
   [8,]   8.155295   0.10877080   0.09652351   1.274725    5.746041
   [9,]   8.155295   0.10877080   0.09652351   1.274725    5.746041
  [10,]   3.757557   0.08772028   0.24235230   4.423822    3.009152
  [11,]   1.516056   0.03564846   0.29371205   3.026597   10.918644
  [12,]   3.757557   0.08772028   0.24235230   4.423822    3.009152
  [13,]   8.155295   0.10877080   0.09652351   1.274725    5.746041
  [14,]   1.516056   0.03564846   0.29371205   3.026597   10.918644
  [15,]   3.757557   0.08772028   0.24235230   4.423822    3.009152
  [16,]   3.757557   0.08772028   0.24235230   4.423822    3.009152
  [17,]   3.757557   0.08772028   0.24235230   4.423822    3.009152
  [18,]   1.516056   0.03564846   0.29371205   3.026597   10.918644
  [19,]   1.516056   0.03564846   0.29371205   3.026597   10.918644
  [20,]   8.155295   0.10877080   0.09652351   1.274725    5.746041
  [21,]   8.155295   0.10877080   0.09652351   1.274725    5.746041
  [22,]   8.155295   0.10877080   0.09652351   1.274725    5.746041
  [23,]   1.516056   0.03564846   0.29371205   3.026597   10.918644
  [24,]   3.757557   0.08772028   0.24235230   4.423822    3.009152
  [25,]   1.516056   0.03564846   0.29371205   3.026597   10.918644
  [26,]   8.155295   0.10877080   0.09652351   1.274725    5.746041
  [27,]   3.757557   0.08772028   0.24235230   4.423822    3.009152
  [28,]   8.155295   0.10877080   0.09652351   1.274725    5.746041
  [29,]   3.757557   0.08772028   0.24235230   4.423822    3.009152
  [30,]   1.516056   0.03564846   0.29371205   3.026597   10.918644
  [31,]   1.516056   0.03564846   0.29371205   3.026597   10.918644
  [32,]   8.155295   0.10877080   0.09652351   1.274725    5.746041
  [33,]   3.757557   0.08772028   0.24235230   4.423822    3.009152
  [34,]   3.757557   0.08772028   0.24235230   4.423822    3.009152
  [35,]   8.155295   0.10877080   0.09652351   1.274725    5.746041
  [36,]   8.155295   0.10877080   0.09652351   1.274725    5.746041
  [37,]   8.155295   0.10877080   0.09652351   1.274725    5.746041
  [38,]   8.155295   0.10877080   0.09652351   1.274725    5.746041
  [39,]   8.155295   0.10877080   0.09652351   1.274725    5.746041
  [40,]   1.516056   0.03564846   0.29371205   3.026597   10.918644
  [41,]   3.757557   0.08772028   0.24235230   4.423822    3.009152
  [42,]   1.516056   0.03564846   0.29371205   3.026597   10.918644
  [43,]   3.757557   0.08772028   0.24235230   4.423822    3.009152
  [44,]   1.516056   0.03564846   0.29371205   3.026597   10.918644
  [45,]   3.757557   0.08772028   0.24235230   4.423822    3.009152
  [46,]   1.516056   0.03564846   0.29371205   3.026597   10.918644
  [47,]   8.155295   0.10877080   0.09652351   1.274725    5.746041
  [48,]   8.155295   0.10877080   0.09652351   1.274725    5.746041
  [49,]   3.757557   0.08772028   0.24235230   4.423822    3.009152
  [50,]   8.155295   0.10877080   0.09652351   1.274725    5.746041
  [51,]   1.516056   0.03564846   0.29371205   3.026597   10.918644
  [52,]   1.516056   0.03564846   0.29371205   3.026597   10.918644
  [53,]   1.516056   0.03564846   0.29371205   3.026597   10.918644
  [54,]   3.757557   0.08772028   0.24235230   4.423822    3.009152
  [55,]   1.516056   0.03564846   0.29371205   3.026597   10.918644
  [56,]   3.757557   0.08772028   0.24235230   4.423822    3.009152
  [57,]   1.516056   0.03564846   0.29371205   3.026597   10.918644
  [58,]   3.757557   0.08772028   0.24235230   4.423822    3.009152
  [59,]   8.155295   0.10877080   0.09652351   1.274725    5.746041
  [60,]   8.155295   0.10877080   0.09652351   1.274725    5.746041
  [61,]   1.516056   0.03564846   0.29371205   3.026597   10.918644
  [62,]   8.155295   0.10877080   0.09652351   1.274725    5.746041
  [63,]   3.757557   0.08772028   0.24235230   4.423822    3.009152
  [64,]   8.155295   0.10877080   0.09652351   1.274725    5.746041
  [65,]   8.155295   0.10877080   0.09652351   1.274725    5.746041
  [66,]   8.155295   0.10877080   0.09652351   1.274725    5.746041
  [67,]   3.757557   0.08772028   0.24235230   4.423822    3.009152
  [68,]   8.155295   0.10877080   0.09652351   1.274725    5.746041
  [69,]   1.516056   0.03564846   0.29371205   3.026597   10.918644
  [70,]   1.516056   0.03564846   0.29371205   3.026597   10.918644
  [71,]   3.757557   0.08772028   0.24235230   4.423822    3.009152
  [72,]   1.516056   0.03564846   0.29371205   3.026597   10.918644
  [73,]   8.155295   0.10877080   0.09652351   1.274725    5.746041
  [74,]   3.757557   0.08772028   0.24235230   4.423822    3.009152
  [75,]   3.757557   0.08772028   0.24235230   4.423822    3.009152
  [76,]   8.155295   0.10877080   0.09652351   1.274725    5.746041
  [77,]   1.516056   0.03564846   0.29371205   3.026597   10.918644
  [78,]   8.155295   0.10877080   0.09652351   1.274725    5.746041
  [79,]   8.155295   0.10877080   0.09652351   1.274725    5.746041
  [80,]   1.516056   0.03564846   0.29371205   3.026597   10.918644
  [81,]   3.757557   0.08772028   0.24235230   4.423822    3.009152
  [82,]   8.155295   0.10877080   0.09652351   1.274725    5.746041
  [83,]   8.155295   0.10877080   0.09652351   1.274725    5.746041
  [84,]   1.516056   0.03564846   0.29371205   3.026597   10.918644
  [85,]   3.757557   0.08772028   0.24235230   4.423822    3.009152
  [86,]   1.516056   0.03564846   0.29371205   3.026597   10.918644
  [87,]   8.155295   0.10877080   0.09652351   1.274725    5.746041
  [88,]   3.757557   0.08772028   0.24235230   4.423822    3.009152
  [89,]   3.757557   0.08772028   0.24235230   4.423822    3.009152
  [90,]   3.757557   0.08772028   0.24235230   4.423822    3.009152
  [91,]   1.516056   0.03564846   0.29371205   3.026597   10.918644
  [92,]   8.155295   0.10877080   0.09652351   1.274725    5.746041
  [93,]   1.516056   0.03564846   0.29371205   3.026597   10.918644
  [94,]   1.516056   0.03564846   0.29371205   3.026597   10.918644
  [95,]   8.155295   0.10877080   0.09652351   1.274725    5.746041
  [96,]   3.757557   0.08772028   0.24235230   4.423822    3.009152
  [97,]   3.757557   0.08772028   0.24235230   4.423822    3.009152
  [98,]   1.516056   0.03564846   0.29371205   3.026597   10.918644
  [99,]   3.757557   0.08772028   0.24235230   4.423822    3.009152
 [100,]   3.757557   0.08772028   0.24235230   4.423822    3.009152
 [101,]   8.155295   0.10877080   0.09652351   1.274725    5.746041
 [102,]   8.155295   0.10877080   0.09652351   1.274725    5.746041
 [103,]   8.155295   0.10877080   0.09652351   1.274725    5.746041
 [104,]   1.516056   0.03564846   0.29371205   3.026597   10.918644
 [105,]   8.155295   0.10877080   0.09652351   1.274725    5.746041
 [106,]   8.155295   0.10877080   0.09652351   1.274725    5.746041
 [107,]   1.516056   0.03564846   0.29371205   3.026597   10.918644
 [108,]   3.757557   0.08772028   0.24235230   4.423822    3.009152
 [109,]   3.757557   0.08772028   0.24235230   4.423822    3.009152
 [110,]   8.155295   0.10877080   0.09652351   1.274725    5.746041
 [111,]   3.757557   0.08772028   0.24235230   4.423822    3.009152
 [112,]   1.516056   0.03564846   0.29371205   3.026597   10.918644
 [113,]   8.155295   0.10877080   0.09652351   1.274725    5.746041
 [114,]   1.516056   0.03564846   0.29371205   3.026597   10.918644
 [115,]   1.516056   0.03564846   0.29371205   3.026597   10.918644
 [116,]   1.516056   0.03564846   0.29371205   3.026597   10.918644
 [117,]   1.516056   0.03564846   0.29371205   3.026597   10.918644
 [118,]   8.155295   0.10877080   0.09652351   1.274725    5.746041
 [119,]   8.155295   0.10877080   0.09652351   1.274725    5.746041
 [120,]   8.155295   0.10877080   0.09652351   1.274725    5.746041
 [121,]   8.155295   0.10877080   0.09652351   1.274725    5.746041
 [122,]   1.516056   0.03564846   0.29371205   3.026597   10.918644
 [123,]   8.155295   0.10877080   0.09652351   1.274725    5.746041
 [124,]   1.516056   0.03564846   0.29371205   3.026597   10.918644
 [125,]   3.757557   0.08772028   0.24235230   4.423822    3.009152
 [126,]   8.155295   0.10877080   0.09652351   1.274725    5.746041
 [127,]   1.516056   0.03564846   0.29371205   3.026597   10.918644
 [128,]   3.757557   0.08772028   0.24235230   4.423822    3.009152
 [129,]   1.516056   0.03564846   0.29371205   3.026597   10.918644
 [130,]   1.516056   0.03564846   0.29371205   3.026597   10.918644
 [131,]   1.516056   0.03564846   0.29371205   3.026597   10.918644
 [132,]   3.757557   0.08772028   0.24235230   4.423822    3.009152
 [133,]   8.155295   0.10877080   0.09652351   1.274725    5.746041
 [134,]   8.155295   0.10877080   0.09652351   1.274725    5.746041
 [135,]   3.757557   0.08772028   0.24235230   4.423822    3.009152
 [136,]   1.516056   0.03564846   0.29371205   3.026597   10.918644
 [137,]   3.757557   0.08772028   0.24235230   4.423822    3.009152
 [138,]   8.155295   0.10877080   0.09652351   1.274725    5.746041
 [139,]   8.155295   0.10877080   0.09652351   1.274725    5.746041
 [140,]   3.757557   0.08772028   0.24235230   4.423822    3.009152
 [141,]   8.155295   0.10877080   0.09652351   1.274725    5.746041
 [142,]   3.757557   0.08772028   0.24235230   4.423822    3.009152
 [143,]   8.155295   0.10877080   0.09652351   1.274725    5.746041
 [144,]   3.757557   0.08772028   0.24235230   4.423822    3.009152
 [145,]   8.155295   0.10877080   0.09652351   1.274725    5.746041
 [146,]   3.757557   0.08772028   0.24235230   4.423822    3.009152
 [147,]   8.155295   0.10877080   0.09652351   1.274725    5.746041
 [148,]   1.516056   0.03564846   0.29371205   3.026597   10.918644
 [149,]   3.757557   0.08772028   0.24235230   4.423822    3.009152
 [150,]   1.516056   0.03564846   0.29371205   3.026597   10.918644
 [151,]   1.516056   0.03564846   0.29371205   3.026597   10.918644
 [152,]   8.155295   0.10877080   0.09652351   1.274725    5.746041
 [153,]   3.757557   0.08772028   0.24235230   4.423822    3.009152
 [154,]   3.757557   0.08772028   0.24235230   4.423822    3.009152
 [155,]   1.516056   0.03564846   0.29371205   3.026597   10.918644
 [156,]   3.757557   0.08772028   0.24235230   4.423822    3.009152
 [157,]   1.516056   0.03564846   0.29371205   3.026597   10.918644
 [158,]   3.757557   0.08772028   0.24235230   4.423822    3.009152
 [159,]   1.516056   0.03564846   0.29371205   3.026597   10.918644
 [160,]   3.757557   0.08772028   0.24235230   4.423822    3.009152
 [161,]   1.516056   0.03564846   0.29371205   3.026597   10.918644
 [162,]   1.516056   0.03564846   0.29371205   3.026597   10.918644
 [163,]   8.155295   0.10877080   0.09652351   1.274725    5.746041
 [164,]   1.516056   0.03564846   0.29371205   3.026597   10.918644
 [165,]   3.757557   0.08772028   0.24235230   4.423822    3.009152
 [166,]   3.757557   0.08772028   0.24235230   4.423822    3.009152
 [167,]   1.516056   0.03564846   0.29371205   3.026597   10.918644
 [168,]   8.155295   0.10877080   0.09652351   1.274725    5.746041
 [169,]   8.155295   0.10877080   0.09652351   1.274725    5.746041
 [170,]   1.516056   0.03564846   0.29371205   3.026597   10.918644
 [171,]   1.516056   0.03564846   0.29371205   3.026597   10.918644
 [172,]   1.516056   0.03564846   0.29371205   3.026597   10.918644
 [173,]   1.516056   0.03564846   0.29371205   3.026597   10.918644
 [174,]   1.516056   0.03564846   0.29371205   3.026597   10.918644
 [175,]   8.155295   0.10877080   0.09652351   1.274725    5.746041
 [176,]   3.757557   0.08772028   0.24235230   4.423822    3.009152
 [177,]   1.516056   0.03564846   0.29371205   3.026597   10.918644
 [178,]   1.516056   0.03564846   0.29371205   3.026597   10.918644
 [179,]   8.155295   0.10877080   0.09652351   1.274725    5.746041
 [180,]   3.757557   0.08772028   0.24235230   4.423822    3.009152
 [181,]   1.516056   0.03564846   0.29371205   3.026597   10.918644
 [182,]   8.155295   0.10877080   0.09652351   1.274725    5.746041
 [183,]   3.757557   0.08772028   0.24235230   4.423822    3.009152
 [184,]   1.516056   0.03564846   0.29371205   3.026597   10.918644
 [185,]   1.516056   0.03564846   0.29371205   3.026597   10.918644
 [186,]   8.155295   0.10877080   0.09652351   1.274725    5.746041
 [187,]   1.516056   0.03564846   0.29371205   3.026597   10.918644
 [188,]   1.516056   0.03564846   0.29371205   3.026597   10.918644
 [189,]   1.516056   0.03564846   0.29371205   3.026597   10.918644
 [190,]   1.516056   0.03564846   0.29371205   3.026597   10.918644
 [191,]   8.155295   0.10877080   0.09652351   1.274725    5.746041
 [192,]   1.516056   0.03564846   0.29371205   3.026597   10.918644
 [193,]   8.155295   0.10877080   0.09652351   1.274725    5.746041
 [194,]   1.516056   0.03564846   0.29371205   3.026597   10.918644
 [195,]   8.155295   0.10877080   0.09652351   1.274725    5.746041
 [196,]   1.516056   0.03564846   0.29371205   3.026597   10.918644
 [197,]   8.155295   0.10877080   0.09652351   1.274725    5.746041
 [198,]   3.757557   0.08772028   0.24235230   4.423822    3.009152
 [199,]   1.516056   0.03564846   0.29371205   3.026597   10.918644
 [200,]   8.155295   0.10877080   0.09652351   1.274725    5.746041
 [ reached getOption("max.print") -- omitted 800 rows ]
