                  e0         ga          gb         ra         rb
   [1,]   1.07084164   3.579833   7.4613984   5.999909   4.999917
   [2,]   1.15209554   3.580380   7.4463895   6.000065   5.000138
   [3,]   1.12833288   3.578988   7.4391549   6.000122   5.000086
   [4,]   1.16041754   3.582867   7.4413776   5.999957   4.999887
   [5,]   0.98746121   3.572536   7.4269460   6.000063   5.000180
   [6,]   0.96274354   3.572021   7.4256009   6.000088   5.000063
   [7,]   1.05621982   3.566383   7.4173702   6.000033   5.000026
   [8,]   1.01875513   3.576645   7.4144905   5.999963   5.000037
   [9,]   1.19140642   3.587591   7.4112860   5.999750   5.000021
  [10,]   1.14955151   3.589722   7.4238355   5.999796   4.999980
  [11,]   1.08738623   3.578077   7.4026748   6.000058   5.000066
  [12,]   0.67606472   3.557361   7.3741943   5.999895   5.000043
  [13,]   0.79201214   3.565561   7.3939010   5.999939   5.000097
  [14,]   1.01272651   3.581542   7.4017419   6.000156   5.000017
  [15,]   0.75060023   3.582001   7.4226888   6.000058   5.000068
  [16,]   1.05188071   3.605045   7.4312785   6.000101   5.000067
  [17,]   1.06487522   3.606860   7.4072548   6.000121   5.000072
  [18,]   1.07080761   3.614616   7.4294542   5.999971   5.000058
  [19,]   0.97332045   3.617180   7.4451822   5.999909   5.000108
  [20,]   0.96503280   3.612373   7.4404187   5.999888   4.999963
  [21,]   0.95161843   3.600284   7.4206450   5.999843   5.000068
  [22,]   1.00228573   3.609898   7.4189958   5.999919   4.999976
  [23,]   1.09556535   3.613745   7.4215718   6.000042   4.999978
  [24,]   1.25627742   3.622442   7.4207730   6.000188   5.000013
  [25,]   1.20677700   3.623170   7.4732974   5.999819   5.000000
  [26,]   1.07247773   3.621196   7.4619445   5.999954   5.000016
  [27,]   1.06936586   3.610208   7.4552440   5.999983   5.000111
  [28,]   0.93180851   3.609425   7.4658921   6.000088   5.000051
  [29,]   0.90912817   3.610697   7.4760867   6.000011   5.000087
  [30,]   0.86617447   3.611019   7.5011697   6.000157   4.999967
  [31,]   0.84955873   3.607010   7.5027680   5.999891   4.999966
  [32,]   0.86826723   3.612658   7.5058482   6.000070   5.000091
  [33,]   0.91700040   3.618812   7.5176204   6.000145   5.000026
  [34,]   1.06320181   3.629537   7.5315895   6.000140   5.000122
  [35,]   1.03256918   3.635538   7.5256263   6.000076   4.999998
  [36,]   1.06443506   3.635564   7.5213429   5.999980   5.000078
  [37,]   0.95340525   3.636143   7.5238104   5.999970   4.999943
  [38,]   0.93741145   3.637297   7.5351902   5.999958   4.999972
  [39,]   0.95565559   3.636277   7.5475061   5.999966   4.999962
  [40,]   0.96742867   3.632335   7.5459458   6.000000   5.000029
  [41,]   0.95835396   3.624913   7.5447981   5.999978   4.999968
  [42,]   1.06772589   3.623752   7.5387522   5.999937   5.000080
  [43,]   0.99917038   3.625188   7.5399651   6.000130   5.000105
  [44,]   0.99787466   3.629814   7.5490516   6.000064   4.999941
  [45,]   1.10468231   3.635924   7.5522908   5.999971   5.000101
  [46,]   1.08783382   3.632343   7.5499396   5.999865   4.999967
  [47,]   1.15203170   3.628961   7.5401293   5.999757   5.000077
                   uea            ueb     y.norm1     y.norm2
   [1,]   4.038153e-05   7.186190e-05   0.9785333   1.1210326
   [2,]   6.191051e-05   7.175521e-05   1.0637765   1.1563069
   [3,]   7.154520e-05   7.027899e-05   1.0438842   1.2910751
   [4,]   5.465809e-05   7.097724e-05   1.0267789   1.2834172
   [5,]   7.898350e-05   7.042293e-05   1.0674846   1.1240788
   [6,]   7.603320e-05   7.119887e-05   1.0931258   1.1859550
   [7,]   7.007009e-05   7.111606e-05   1.1233245   1.1183993
   [8,]   7.344015e-05   7.114033e-05   1.1233342   1.1374298
   [9,]   6.279933e-05   7.033365e-05   1.0725263   1.1441949
  [10,]   5.821528e-05   7.018864e-05   1.0963803   1.1183491
  [11,]   5.472968e-05   6.840011e-05   1.0535658   1.0719010
  [12,]   4.447406e-05   6.686737e-05   1.0233841   1.1818956
  [13,]   6.370259e-05   6.667481e-05   1.0743476   1.0324057
  [14,]   5.671835e-05   6.579845e-05   1.0628335   1.1400230
  [15,]   6.892651e-05   6.666032e-05   1.1060817   1.1011605
  [16,]   6.723846e-05   6.631284e-05   1.0179331   1.1060490
  [17,]   8.685681e-05   6.577350e-05   1.0157105   1.1084008
  [18,]   1.022428e-04   6.619529e-05   1.0648749   1.1046374
  [19,]   9.578898e-05   6.551509e-05   1.0713308   0.9806396
  [20,]   8.786675e-05   6.456985e-05   1.0791878   1.1516829
  [21,]   8.559715e-05   6.419023e-05   1.0407928   1.0107141
  [22,]   8.659910e-05   6.388181e-05   1.0759066   1.0694642
  [23,]   8.478744e-05   6.361500e-05   1.0597374   1.0476931
  [24,]   8.086397e-05   6.365726e-05   1.0139933   0.9995985
  [25,]   8.047166e-05   6.560918e-05   1.0439790   1.0630772
  [26,]   5.008089e-05   6.380250e-05   1.0046851   1.2300525
  [27,]   7.395873e-05   6.423911e-05   1.0747341   1.1788760
  [28,]   7.883521e-05   6.523889e-05   1.0618049   1.0733096
  [29,]   7.054824e-05   6.516353e-05   1.0586400   1.1278123
  [30,]   7.767997e-05   6.577090e-05   1.0689039   1.0642196
  [31,]   5.428591e-05   6.610091e-05   1.0087995   1.1204840
  [32,]   7.401428e-05   6.605959e-05   1.0496979   1.0352484
  [33,]   6.903253e-05   6.605264e-05   1.0587533   1.0867750
  [34,]   4.990805e-05   6.624574e-05   1.0917447   1.0687214
  [35,]   5.205405e-05   6.615467e-05   1.0559103   1.1455883
  [36,]   4.061604e-05   6.754186e-05   1.0816246   1.1219369
  [37,]   6.486541e-05   6.630209e-05   1.0197331   1.1565739
  [38,]   7.924697e-05   6.783483e-05   1.0182613   1.2500704
  [39,]   6.703260e-05   6.821047e-05   1.0291638   1.2032714
  [40,]   6.210219e-05   6.852826e-05   1.0185592   1.1109973
  [41,]   5.502163e-05   6.938394e-05   1.0466154   1.2006815
  [42,]   5.526920e-05   6.966646e-05   1.0302643   1.1662084
  [43,]   5.283166e-05   6.935016e-05   0.9877668   1.0169180
  [44,]   5.556603e-05   6.946534e-05   1.0289174   1.1728610
  [45,]   6.570100e-05   6.916737e-05   1.0502562   0.9521058
  [46,]   7.124738e-05   6.946264e-05   1.1077338   1.0071732
  [47,]   7.388337e-05   6.848719e-05   1.0810525   1.1548819
            y.norm3     y.norm4     y.norm5     y.norm6     y.norm7
   [1,]   1.0277380   1.0377384   0.8936010   1.0027286   0.9641063
   [2,]   1.0196371   1.0162601   0.8924338   0.9831282   0.9476667
   [3,]   1.0592404   1.0468366   0.8929030   0.9832030   0.9468092
   [4,]   1.0558241   0.9838452   0.8930760   0.9848716   0.9518630
   [5,]   1.0517279   0.9899191   0.8926260   0.9857323   0.9545226
   [6,]   1.0838968   1.0185711   0.8923204   0.9964992   0.9442394
   [7,]   1.0428633   1.0134762   0.8904608   0.9938001   0.9490193
   [8,]   0.9940718   1.0528774   0.8905873   0.9872612   0.9548871
   [9,]   0.9945937   0.9982529   0.8906923   0.9803325   0.9572534
  [10,]   0.9628888   0.9828202   0.8896336   0.9930644   0.9580855
  [11,]   0.9740110   1.0316959   0.8922324   1.0006056   0.9405100
  [12,]   1.0480460   1.0163628   0.8923754   0.9952109   0.9713516
  [13,]   0.9383740   1.0689034   0.8906685   0.9993120   0.9800551
  [14,]   1.0548856   0.9950704   0.8906289   0.9883382   0.9790674
  [15,]   1.0955220   1.0816230   0.8903410   0.9757737   0.9604203
  [16,]   1.0723186   0.9821365   0.8864044   0.9800318   0.9508021
  [17,]   1.0267621   1.0427951   0.8845446   0.9547696   0.9345580
  [18,]   0.9835409   1.0414826   0.8872548   0.9754279   0.9295188
  [19,]   0.9842139   0.9800655   0.8887652   0.9814134   0.9438636
  [20,]   1.0641175   1.0347192   0.8894420   0.9760779   0.9543376
  [21,]   1.0215314   1.0163867   0.8909647   0.9812011   0.9432948
  [22,]   0.9967840   1.0098670   0.8897758   0.9539740   0.9632243
  [23,]   1.0932788   1.0549537   0.8911404   0.9614523   0.9646029
  [24,]   1.0358848   1.0495198   0.8907419   0.9724424   0.9661561
  [25,]   1.0505322   1.0836925   0.8908171   0.9971399   0.9524330
  [26,]   1.0172686   0.9885653   0.8929306   0.9943847   0.9893924
  [27,]   0.9955312   0.9982055   0.8915105   0.9706030   0.9790187
  [28,]   0.9825939   1.0067106   0.8891784   0.9741186   0.9834162
  [29,]   1.0691661   1.0891467   0.8895034   1.0007077   0.9444327
  [30,]   1.0231172   1.0598702   0.8898858   0.9978041   0.9347487
  [31,]   0.9382933   1.0520855   0.8918521   0.9978655   0.9746089
  [32,]   0.9390284   1.0194297   0.8919511   0.9923988   0.9441707
  [33,]   0.9119671   1.0247206   0.8901314   1.0189955   0.9577890
  [34,]   1.0481522   1.0137777   0.8900766   0.9988035   0.9683614
  [35,]   1.0578324   1.0749605   0.8901886   1.0077090   0.9945660
  [36,]   1.0119183   0.9856450   0.8892811   0.9978065   0.9786100
  [37,]   1.0552396   0.9759484   0.8908003   0.9857109   0.9761611
  [38,]   0.9871321   0.9780610   0.8916907   0.9723613   0.9825215
  [39,]   0.9837462   0.9967261   0.8908483   0.9905491   0.9761620
  [40,]   0.9495808   1.0193501   0.8899855   1.0017360   0.9756077
  [41,]   1.0256828   0.9917180   0.8897645   1.0027307   0.9754336
  [42,]   1.1033183   0.9923635   0.8892645   1.0056505   0.9404929
  [43,]   0.9144357   1.0000419   0.8892043   0.9856492   0.9587359
  [44,]   0.9700445   1.0568018   0.8910251   1.0025803   0.9523784
  [45,]   0.9580837   0.9814734   0.8903072   1.0023365   0.9584886
  [46,]   0.9626343   1.0737290   0.8896026   0.9930795   0.9719301
  [47,]   0.9890356   1.0619324   0.8906515   1.0076930   0.9549220
            yscat1     yscat2     yscat3     yscat4       yscat5
   [1,]   6.638305   3.573145   5.743539   6.767219   0.07417706
   [2,]   7.005779   3.626350   4.834542   6.181028   0.07777227
   [3,]   6.932772   3.558389   4.520932   6.553024   0.08045180
   [4,]   6.565026   2.909607   4.538819   5.990696   0.08446003
   [5,]   7.034051   3.571595   5.084928   7.030254   0.08257725
   [6,]   6.810740   3.037523   5.123692   6.826835   0.10007312
   [7,]   6.709926   3.661691   5.573023   6.779645   0.10004486
   [8,]   6.632113   3.462224   6.255458   6.942381   0.10327237
   [9,]   6.525058   3.416597   6.007678   6.122711   0.10393930
  [10,]   6.325128   3.214479   5.201907   6.717492   0.09186822
  [11,]   6.230071   3.348382   4.970326   6.619567   0.10072766
  [12,]   6.820539   3.334120   4.767052   6.765257   0.10002895
  [13,]   7.228785   4.415192   5.157270   6.197836   0.09486189
  [14,]   7.292740   4.009333   5.970342   5.787868   0.10664033
  [15,]   6.268536   3.430546   5.791201   6.697606   0.09193745
  [16,]   6.504046   3.282140   5.734939   6.433410   0.08772857
  [17,]   6.177313   3.089861   4.896500   6.498591   0.08303862
  [18,]   6.410703   3.370334   5.348921   6.657548   0.07747187
  [19,]   7.189690   3.589824   4.813934   6.968837   0.08506718
  [20,]   6.939063   3.523557   6.612005   7.543278   0.08803162
  [21,]   6.167634   4.393174   5.268596   7.390447   0.08237286
  [22,]   7.327201   3.836918   6.050775   5.747529   0.08150383
  [23,]   6.361067   3.801147   4.913949   5.891439   0.08451438
  [24,]   7.899724   3.657784   5.220418   6.183712   0.08684126
  [25,]   7.662719   3.638326   5.303738   6.914342   0.08319350
  [26,]   7.592060   3.324915   5.662295   6.888211   0.08321835
  [27,]   6.946223   3.696152   5.942715   7.323630   0.07218610
  [28,]   6.922291   3.724648   5.821440   5.746675   0.07155543
  [29,]   6.821221   3.714427   5.214748   6.094951   0.07073323
  [30,]   7.194462   4.070261   5.127344   6.037889   0.06419180
  [31,]   6.529823   3.449944   5.795681   6.726006   0.06244655
  [32,]   6.615678   3.678979   5.531941   6.219797   0.06255713
  [33,]   6.924156   3.778555   5.562542   6.963070   0.06593624
  [34,]   6.217741   3.748836   5.510016   6.744857   0.06978998
  [35,]   6.502047   3.715488   5.066815   6.492885   0.06027091
  [36,]   7.155566   3.651122   5.301134   6.145068   0.05289556
  [37,]   7.852522   4.772386   5.251947   6.640967   0.06221860
  [38,]   6.451494   2.757017   4.454364   6.563161   0.05606413
  [39,]   6.732722   2.896873   6.240424   6.916769   0.05074891
  [40,]   6.772553   3.045649   5.847328   6.687622   0.04802358
  [41,]   6.854738   3.134784   6.109812   5.680905   0.04815709
  [42,]   7.349851   2.886236   5.383550   5.734515   0.04791484
  [43,]   6.968671   4.613016   5.445814   7.409152   0.05381025
  [44,]   6.640001   4.280651   5.290298   7.374963   0.05083994
  [45,]   6.887799   4.061942   5.405190   5.710725   0.04945240
  [46,]   6.693110   3.794830   5.486652   6.285894   0.05024397
  [47,]   6.465063   3.846894   5.790120   6.286194   0.04625713
             yscat6      yscat7
   [1,]   0.6932395   0.3966981
   [2,]   0.5612354   0.4467209
   [3,]   0.5955327   0.4735845
   [4,]   0.6701410   0.4495364
   [5,]   0.6388209   0.4386308
   [6,]   0.5828165   0.4040250
   [7,]   0.6781630   0.5308115
   [8,]   0.6252488   0.4816024
   [9,]   0.6309523   0.4070510
  [10,]   0.6376523   0.5915472
  [11,]   0.6269341   0.5146816
  [12,]   0.6859660   0.5950090
  [13,]   0.5933666   0.6767386
  [14,]   0.5921246   0.4871850
  [15,]   0.5891981   0.5063066
  [16,]   0.5913283   0.5074319
  [17,]   0.6716364   0.5161581
  [18,]   0.6951012   0.4169544
  [19,]   0.7471014   0.5189155
  [20,]   0.7005822   0.4580576
  [21,]   0.8071906   0.5328414
  [22,]   0.5841511   0.5385544
  [23,]   0.5950684   0.6938924
  [24,]   0.6018829   0.7313541
  [25,]   0.6255834   0.7397476
  [26,]   0.7142057   0.8338784
  [27,]   0.7615651   0.5562011
  [28,]   0.7037755   0.6159616
  [29,]   0.7261717   0.5640679
  [30,]   0.6113048   0.5523264
  [31,]   0.5332916   0.5116703
  [32,]   0.5007993   0.5228241
  [33,]   0.7116478   0.6098064
  [34,]   0.6943902   0.6027016
  [35,]   0.6844551   0.6311363
  [36,]   0.6991181   0.5881458
  [37,]   0.5975125   0.6696627
  [38,]   0.5829738   0.6603662
  [39,]   0.6239136   0.5889557
  [40,]   0.6472319   0.6038483
  [41,]   0.5873594   0.5959681
  [42,]   0.6038584   0.5261952
  [43,]   0.6320585   0.4614522
  [44,]   0.6080074   0.4322298
  [45,]   0.6960536   0.3619591
  [46,]   0.7465755   0.3727165
  [47,]   0.6842787   0.6613576
 [ reached getOption("max.print") -- omitted 4453 rows ]
