a.scale: D(d,n)
0.9610389   0.9569418   0.9594845   0.9641792   0.9639530   0.9652752
0.9679425   0.9601572   0.9641388   0.9633579   0.9598952   0.9588908
0.9609797   0.9573898   0.9581277   0.9571173   0.9477944   0.9498755
0.9500348   0.9520200   0.9499338   0.9500677   0.9532852   0.9561971
0.9572384   0.9542783   0.9517711   0.9530456   0.9548987   0.9548142
0.9484118   0.9489181   0.9465145   0.9480744   0.9449528   0.9453020
0.9463791   0.9466287   0.9548834   0.9548207   0.9535957   0.9515857
0.9522321   0.9536113   0.9542627   0.9548036   0.9565171   0.9580994
0.9600258   0.9635488   0.9614170   0.9619835   0.9570875   0.9595375
0.9597104   0.9595539   0.9575684   0.9592215   0.9596621   0.9559520
0.9569612   0.9603935   0.9667255   0.9674811   0.9682819   0.9685224
0.9685070   0.9684386   0.9638390   0.9598711   0.9603451   0.9600184
0.9598302   0.9590118   0.9644711   0.9613843   0.9577461   0.9622317
0.9659854   0.9661601   0.9634139   0.9611860   0.9596321   0.9603711
0.9629485   0.9625156   0.9615324   0.9640936   0.9658800   0.9615782
0.9585910   0.9570824   0.9534428   0.9570963   0.9586899   0.9610418
0.9613895   0.9618774   0.9582934   0.9616920   0.9618863   0.9605077
0.9561135   0.9562759   0.9572612   0.9553955   0.9541410   0.9540669
0.9567229   0.9478862   0.9532738   0.9538990   0.9541954   0.9560158
0.9522575   0.9496424   0.9511563   0.9466898   0.9482897   0.9514375
0.9490127   0.9467472   0.9463440   0.9461095   0.9474539   0.9513653
0.9551450   0.9561424   0.9582325   0.9582097   0.9644742   0.9635877
0.9571292   0.9603998   0.9666273   0.9664757   0.9708637   0.9715655
0.9749380   0.9760851   0.9765288   0.9757331   0.9784917   0.9790742
0.9759461   0.9732092   0.9734114   0.9734025   0.9728557   0.9723247
0.9753897   0.9740532   0.9749212   0.9794341   0.9777732   0.9741584
0.9761421   0.9709081   0.9713270   0.9773422   0.9778257   0.9788483
0.9804704   0.9741221   0.9822494   0.9866161   0.9856113   0.9851369
0.9863143   0.9874382   0.9872271   0.9845420   0.9803922   0.9758240
0.9763404   0.9687012   0.9696818   0.9705527   0.9645924   0.9614781
0.9655373   0.9650852   0.9661719   0.9666598   0.9656791   0.9638005
0.9766273   0.9678286   0.9705067   0.9736754   0.9727860   0.9749085
0.9667895   0.9674086   0.9679766   0.9660526   0.9659904   0.9654811
0.9639862   0.9722840   0.9712067   0.9703823   0.9652636   0.9673940
0.9685616   0.9644281   0.9609010   0.9600174   0.9584201   0.9589096
0.9557845   0.9600402   0.9626148   0.9652920   0.9679619   0.9748524
0.9741949   0.9786887   0.9745124   0.9746998   0.9735526   0.9738599
0.9733056   0.9767143   0.9768891   0.9697280   0.9654474   0.9619911
0.9598029   0.9617570   0.9598569   0.9599531   0.9607052   0.9552805
0.9616490   0.9649151   0.9622105   0.9641083   0.9724071   0.9719861
0.9722845   0.9788654   0.9740587   0.9722960   0.9745722   0.9700603
0.9720593   0.9761369   0.9756761   0.9709920   0.9719237   0.9675057
0.9690957   0.9689357   0.9674848   0.9687218   0.9618616   0.9640280
0.9642857   0.9642130   0.9618172   0.9653256   0.9689379   0.9717746
0.9718188   0.9775510   0.9745174   0.9618609   0.9625290   0.9646639
0.9679964   0.9684998   0.9668392   0.9707372   0.9743067   0.9734643
0.9757353   0.9758785   0.9725943   0.9731828   0.9725052   0.9726768
0.9724314   0.9683594   0.9675889   0.9679705   0.9687413   0.9717439
0.9694770   0.9686477   0.9694740   0.9651998   0.9621596   0.9630834
0.9583145   0.9629525   0.9639049   0.9614957   0.9615433   0.9533132
0.9528791   0.9522077   0.9543819   0.9474774   0.9459463   0.9445031
0.9516775   0.9578600   0.9541328   0.9562156   0.9594695   0.9623218
0.9629253   0.9662191   0.9678976   0.9670370   0.9671424   0.9665202
0.9686284   0.9616879   0.9597734   0.9571090   0.9660109   0.9645417
0.9602394   0.9598694   0.9597845   0.9598574   0.9589802   0.9519907
0.9541282   0.9566635   0.9599326   0.9616603   0.9620532   0.9610776
0.9597790   0.9576371   0.9559882   0.9537477   0.9562048   0.9561043
0.9640249   0.9573288   0.9531019   0.9531256   0.9513847   0.9518738
0.9490796   0.9526747   0.9520229   0.9533922   0.9500810   0.9569763
0.9571814   0.9588391   0.9528836   0.9544927   0.9506517   0.9455394
0.9419349   0.9437224   0.9347390   0.9326546   0.9350805   0.9384599
0.9406190   0.9472526   0.9425447   0.9437026   0.9426880   0.9424268
0.9457485   0.9446247   0.9494105   0.9520335   0.9512025   0.9547317
0.9525337   0.9505395   0.9490783   0.9456802   0.9468180   0.9453235
0.9444020   0.9448023   0.9460680   0.9494898   0.9503499   0.9505570
0.9504546   0.9469335   0.9449518   0.9430789   0.9429916   0.9475370
0.9523895   0.9485967   0.9498791   0.9477478   0.9440019   0.9389680
0.9304669   0.9309317   0.9315666   0.9342276   0.9343550   0.9339809
0.9366215   0.9360608   0.9394671   0.9494455   0.9552444   0.9556958
0.9549159   0.9592787   0.9561924   0.9565136   0.9570200   0.9542596
0.9526610   0.9657802   0.9630129   0.9553006   0.9550631   0.9554888
0.9555560   0.9554101   0.9541288   0.9604562   0.9598351   0.9570107
0.9517781   0.9561073   0.9568840   0.9565848   0.9567637   0.9592864
0.9613688   0.9613652   0.9588620   0.9574878   0.9551826   0.9547258
0.9521792   0.9490626   0.9476206   0.9532358   0.9559022   0.9618035
0.9680251   0.9620758   0.9644502   0.9631387   0.9668790   0.9649511
0.9650108   0.9639432   0.9652553   0.9630061   0.9618431   0.9609868
0.9578189   0.9605860   0.9624034   0.9606498   0.9635196   0.9642660
0.9626161   0.9619683   0.9643735   0.9689118   0.9678466   0.9681197
0.9676651   0.9660551   0.9740254   0.9734998   0.9722643   0.9732972
0.9737239   0.9754481   0.9730638   0.9765462   0.9802427   0.9792982
0.9795630   0.9758852   0.9794482   0.9809287   0.9877659   0.9870149
0.9915410   0.9915936   0.9913002   0.9930663   0.9873473   0.9867989
0.9862243   0.9836590   0.9861873   0.9876788   0.9873952   0.9842077
0.9825273   0.9791117   0.9799376   0.9838162   0.9806726   0.9782934
0.9809693   0.9745556   0.9770742   0.9778415   0.9803228   0.9791987
0.9809721   0.9789808   0.9774788   0.9774238   0.9777066   0.9772477
0.9758392   0.9763785   0.9745552   0.9750425   0.9790637   0.9764607
0.9770283   0.9672549   0.9759874   0.9699577   0.9749048   0.9677661
0.9667789   0.9625325   0.9584341   0.9687379   0.9709148   0.9710807
0.9713951   0.9727791   0.9715970   0.9590586   0.9584333   0.9594002
0.9625877   0.9627939   0.9618591   0.9585551   0.9596935   0.9657104
0.9743195   0.9755464   0.9694263   0.9671706   0.9705980   0.9712688
0.9709868   0.9689128   0.9682466   0.9645129   0.9598138   0.9613234
0.9616697   0.9583437   0.9566778   0.9558778   0.9573444   0.9550387
0.9540346   0.9537686   0.9518332   0.9471915   0.9514189   0.9490685
0.9497513   0.9454418   0.9405230   0.9468444   0.9510559   0.9533112
0.9612409   0.9629864   0.9649292   0.9665219   0.9657470   0.9600785
0.9541988   0.9531349   0.9504882   0.9547947   0.9588709   0.9641800
0.9646430   0.9650590   0.9680118   0.9688936   0.9650501   0.9671620
0.9663625   0.9600476   0.9629178   0.9654896   0.9642219   0.9688743
0.9708726   0.9663744   0.9658922   0.9656964   0.9669474   0.9668480
0.9657365   0.9703801   0.9662212   0.9679578   0.9653969   0.9657913
0.9641770   0.9652093   0.9573603   0.9604779   0.9553781   0.9513906
0.9575660   0.9639897   0.9688893   0.9681705   0.9685009   0.9683304
0.9651371   0.9643408   0.9673875   0.9679918   0.9677943   0.9658314
0.9672971   0.9661230   0.9677218   0.9709107   0.9667655   0.9678936
0.9698614   0.9657879   0.9658289   0.9653363   0.9707185   0.9763418
0.9743553   0.9753139   0.9809396   0.9791415   0.9833071   0.9828403
0.9775706   0.9775580   0.9813343   0.9770753   0.9765809   0.9751532
0.9731515   0.9725221   0.9772940   0.9790031   0.9777894   0.9807694
0.9813084   0.9791887   0.9743064   0.9740657   0.9760742   0.9776771
0.9709696   0.9717418   0.9707489   0.9706864   0.9712505   0.9743586
0.9796663   0.9785844   0.9790587   0.9789387   0.9747518   0.9706495
0.9721983   0.9720080   0.9710882   0.9693581   0.9719747   0.9672615
0.9697135   0.9679116   0.9724073   0.9722017   0.9666926   0.9677548
0.9727854   0.9665868   0.9694932   0.9654438   0.9693836   0.9690081
0.9664339   0.9672908   0.9628686   0.9662451   0.9615407   0.9619997
0.9567089   0.9565194   0.9573703   0.9651393   0.9687609   0.9714843
0.9689371   0.9692962   0.9677401   0.9690243   0.9642684   0.9660814
0.9651781   0.9667653   0.9680726   0.9680881   0.9695959   0.9699890
0.9677538   0.9676656   0.9725912   0.9733595   0.9765323   0.9645269
0.9624325   0.9615190   0.9591173   0.9596066   0.9570635   0.9574480
0.9566004   0.9564609   0.9580122   0.9544099   0.9584611   0.9569199
0.9585672   0.9597128   0.9598620   0.9592563   0.9596711   0.9588862
0.9569827   0.9559911   0.9511237   0.9508173   0.9516904   0.9546050
0.9556107   0.9511312   0.9480544   0.9509205   0.9493763   0.9518853
0.9504444   0.9507249   0.9494544   0.9553811   0.9500072   0.9506344
0.9525824   0.9498359   0.9485193   0.9474114   0.9489196   0.9467154
0.9478906   0.9482709   0.9453097   0.9480281   0.9484185   0.9479174
0.9413174   0.9466676   0.9493621   0.9499124   0.9546647   0.9572198
0.9616799   0.9600982   0.9565328   0.9563612   0.9578302   0.9583888
0.9565137   0.9551796   0.9552121   0.9492166   0.9531444   0.9485868
0.9486200   0.9473528   0.9473624   0.9493205   0.9506257   0.9520724
0.9593441   0.9520709   0.9564773   0.9550170   0.9585825   0.9580231
0.9580199   0.9601009   0.9610365   0.9646384   0.9729280   0.9757951
0.9764607   0.9735235   0.9761848   0.9761492   0.9749893   0.9759146
0.9707451   0.9697305   0.9716946   0.9679141   0.9740093   0.9719824
0.9658357   0.9672818   0.9629809   0.9631983   0.9655889   0.9763893
0.9733389   0.9759173   0.9721051   0.9768030   0.9730150   0.9744193
0.9766724   0.9803668   0.9780875   0.9730697   0.9730970   0.9736540
0.9703865   0.9669005   0.9690290   0.9694093   0.9670901   0.9652648
0.9556644   0.9636069   0.9634873   0.9631270   0.9616589   0.9645202
0.9629977   0.9642892   0.9642086   0.9725093   0.9726968   0.9693782
0.9699561   0.9640388   0.9622280   0.9631991   0.9627123   0.9587177
0.9582541   0.9568139   0.9589115   0.9541617   0.9540001   0.9545048
0.9524195   0.9522930   0.9559651   0.9528904   0.9550773   0.9645403
0.9658907   0.9592587   0.9568522   0.9555876   0.9522348   0.9543772
0.9517768   0.9530676   0.9568719   0.9557103   0.9557877   0.9508163
0.9512693   0.9532842   0.9505638   0.9465640   0.9504118   0.9504248
0.9515881   0.9523389   0.9504144   0.9514178   0.9518819   0.9524031
0.9539247   0.9521892   0.9508831   0.9576547   0.9576959   0.9588444
0.9569528   0.9571162   0.9614886   0.9553270   0.9603141   0.9550269
0.9546187   0.9518809   0.9490691   0.9551095   0.9559037   0.9595169
0.9639052   0.9644969   0.9547883   0.9551753   0.9566005   0.9562083
0.9560101   0.9563894   0.9555413   0.9518175   0.9484766   0.9505878
0.9574468   0.9577905   0.9667178   0.9667505   0.9665566   0.9650675
0.9679467   0.9687546   0.9725954   0.9734303   0.9735618   0.9731415
0.9635668   0.9653867   0.9650306   0.9664730   0.9672694   0.9650705
0.9689451   0.9709724   0.9688940   0.9682593   0.9731667   0.9736022
0.9687685   0.9663656   0.9694719   0.9690459   0.9742474   0.9774043
0.9779643   0.9747932   0.9763953   0.9701505   0.9680880   0.9693336
0.9702460   0.9633570   0.9590026   0.9631235   0.9623959   0.9641693
0.9658849   0.9628549   0.9568565   0.9482939   0.9523860   0.9442701
0.9448650   0.9417052   0.9449582   0.9454680   0.9424060   0.9420247
0.9426536   0.9350001   0.9361170   0.9346973   0.9352165   0.9313142
0.9316623   0.9250920   0.9273119   0.9271321   0.9325517   0.9324355
0.9312096   0.9328100   0.9327721   0.9325850   0.9374613   0.9423182
0.9461380   0.9523685   0.9531328   0.9536345   0.9514232   0.9595971
0.9543411   0.9561091   0.9559343   0.9583639   0.9524489   0.9526364
0.9532283   0.9546372   0.9555382   0.9593960   0.9583522   0.9551247
0.9648085   0.9647885   0.9654003   0.9637735   0.9645774   0.9662586
0.9600136   0.9601817   0.9574591   0.9580342   0.9575380   0.9545494
0.9547683   0.9541564   0.9575496   0.9533775   0.9509928   0.9530690
0.9543260   0.9537027   0.9540166   0.9528161   0.9513011   0.9546321
0.9578251   0.9525049   0.9527566   0.9525939   0.9566637   0.9627783
0.9648936   0.9658127   0.9626185   0.9638972   0.9637327   0.9595618
0.9607118   0.9579261   0.9577770   0.9607231   0.9613225   0.9614587
0.9608800   0.9638656   0.9624491   0.9712803   0.9716535   0.9723371
0.9697450   0.9708951   0.9703543   0.9752401   0.9746958   0.9777659
0.9743705   0.9741737   0.9653260   0.9685866   0.9710648   0.9698228
0.9719878   0.9697857   0.9703234   0.9699882   0.9680715   0.9710376
0.9693260   0.9753163   0.9744496   0.9757387   0.9714575   0.9744444
0.9732848   0.9773171   0.9766747   0.9753655   0.9768777   0.9749921
0.9761760   0.9753886   0.9721038   0.9715657   0.9670589   0.9614337
0.9543838   0.9562302   0.9598978   0.9613288   0.9575496   0.9631335
0.9629734   0.9620557   0.9618777   0.9594116   0.9548623   0.9520344
0.9532646   0.9564963   0.9595261   0.9564443   0.9555857   0.9561700
0.9554767   0.9555758   0.9560102   0.9622238   0.9583893   0.9577849
0.9638844   0.9660554   0.9713880   0.9772118   0.9773275   0.9793089
0.9741027   0.9730561   0.9690580   0.9690112   0.9653228   0.9632195
0.9641594   0.9593549   0.9666190   0.9683485   0.9692173   0.9685400
0.9554160   0.9544935   0.9562659   0.9600158   0.9564105   0.9580115
0.9564653   0.9588315   0.9596806   0.9599707   0.9602843   0.9538778
0.9531391   0.9535175   0.9534650   0.9556167   0.9530385   0.9527910
0.9539569   0.9498246   0.9452713   0.9460908   0.9445441   0.9469470
0.9470571   0.9432276   0.9437663   0.9387786   0.9437848   0.9425867
0.9426753   0.9457984   0.9488399   0.9493521   0.9541223   0.9564413
0.9619483   0.9641436   0.9713115   0.9713598   0.9702742   0.9677732
0.9679976   0.9689212   0.9702122   0.9659656   0.9635974   0.9633971
0.9640863   0.9649858   0.9630337   0.9635029   0.9584888   0.9602723
0.9665512   0.9663645   0.9628299   0.9629906   0.9672367   0.9668437
0.9671608   0.9696238   0.9689250   0.9674408   0.9684146   0.9661196
0.9550780   0.9540886   0.9556260   0.9555491   0.9522041   0.9539249
0.9520548   0.9570778   0.9556948   0.9526094   0.9536254   0.9534625
0.9561873   0.9563643   0.9567016   0.9575412   0.9579492   0.9571027
0.9588735   0.9574592   0.9576134   0.9562980   0.9572738   0.9540263
0.9523823   0.9533815   0.9489061   0.9516020   0.9460821   0.9422919
0.9440801   0.9440019   0.9435285   0.9452381   0.9426785   0.9434451
0.9444904   0.9472691   0.9501586   0.9506893   0.9512678   0.9515429
0.9510221   0.9506794   0.9520512   0.9577198   0.9587383   0.9611056
0.9607822   0.9646407   0.9620874   0.9624996   0.9577690   0.9572328
0.9632177   0.9604436   0.9608600   0.9609642   0.9567205   0.9571286
0.9566454   0.9571624   0.9644882   0.9651054   0.9645984   0.9652054
0.9685281   0.9656174   0.9653076   0.9661201   0.9675841   0.9652223
0.9685248   0.9675184   0.9640912   0.9632010   0.9688058   0.9739990
0.9745440   0.9695484   0.9688381   0.9708301   0.9717826   0.9714090
0.9649256   0.9725015   0.9688598   0.9760798   0.9756670   0.9755524
0.9724813   0.9763948   0.9797680   0.9825801   0.9773434   0.9764274
0.9766627   0.9733938   0.9687721   0.9685636   0.9676859   0.9666523
0.9662037   0.9630951   0.9600587   0.9630008   0.9649773   0.9642916
0.9589898   0.9554129   0.9569355   0.9570024   0.9643627   0.9624970
0.9657056   0.9680883   0.9678026   0.9657449   0.9691258   0.9713282
0.9711600   0.9713807   0.9709995   0.9782810   0.9778822   0.9812863
0.9781462   0.9789192   0.9793511   0.9781077   0.9761094   0.9677484
0.9686187   0.9690202   0.9691305   0.9672179   0.9657943   0.9631728
0.9580111   0.9586339   0.9603366   0.9597684   0.9554055   0.9551643
0.9505539   0.9597218   0.9599119   0.9589231   0.9578899   0.9575431
0.9581146   0.9588706   0.9620631   0.9608834   0.9612033   0.9623572
0.9653202   0.9646601   0.9651697   0.9683721   0.9692954   0.9666676
0.9683482   0.9676094   0.9607463   0.9665260   0.9659406   0.9671759
0.9692136   0.9743161   0.9714765   0.9691724   0.9684651   0.9681252
0.9682040   0.9665132   0.9652679   0.9639323   0.9643091   0.9631801
0.9663302   0.9644321   0.9600411   0.9605183   0.9585056   0.9602506
0.9568528   0.9537566   0.9572107   0.9601683   0.9611528   0.9615000
0.9592216   0.9597609   0.9634035   0.9711619   0.9699539   0.9635647
0.9646681   0.9661494   0.9647344   0.9652155   0.9629846   0.9615486
0.9614842   0.9623127   0.9632749   0.9633711   0.9616712   0.9668071
0.9692920   0.9675988   0.9666046   0.9640918   0.9660825   0.9716306
0.9699144   0.9734980   0.9679410   0.9674584   0.9704063   0.9691898
0.9684446   0.9687194   0.9660792   0.9631160   0.9611614   0.9591681
0.9492349   0.9566147   0.9539463   0.9553520   0.9550475   0.9548001
0.9533087   0.9514884   0.9500040   0.9559646   0.9572322   0.9562362
0.9604478   0.9602262   0.9570343   0.9551706   0.9600799   0.9597356
0.9591640   0.9588196   0.9587701   0.9630346   0.9660090   0.9614509
0.9612966   0.9619174   0.9627612   0.9624289   0.9556859   0.9548299
0.9537703   0.9595316   0.9591044   0.9559502   0.9628264   0.9631004
0.9638432   0.9632245   0.9541589   0.9552558   0.9551387   0.9559684
0.9494605   0.9518776   0.9566557   0.9547826   0.9548799   0.9583278
0.9568400   0.9561233   0.9586747   0.9602799   0.9601104   0.9645426
0.9614878   0.9592916   0.9596814   0.9620473   0.9619863   0.9575860
0.9585527   0.9531910   0.9561463   0.9545043   0.9548543   0.9546700
0.9516813   0.9509737   0.9544714   0.9564571   0.9595544   0.9605930
0.9672335   0.9686916   0.9699355   0.9637807   0.9644436   0.9651580
0.9662559   0.9636201   0.9637229   0.9670911   0.9666552   0.9622904
0.9613173   0.9530815   0.9551583   0.9626389   0.9657326   0.9668239
0.9649352   0.9684627   0.9686848   0.9678964   0.9661657   0.9569452
0.9552975   0.9554499   0.9557432   0.9562245   0.9561141   0.9560203
0.9549787   0.9545621   0.9584669   0.9543077   0.9544701   0.9542832
0.9515382   0.9515910   0.9410082   0.9409976   0.9405778   0.9456304
0.9445982   0.9441090   0.9501617   0.9508610   0.9485447   0.9572259
0.9579287   0.9565992   0.9553214   0.9561196   0.9588895   0.9562883
0.9478418   0.9497988   0.9537893   0.9598677   0.9580630   0.9619840
0.9629015   0.9624096   0.9597235   0.9581092   0.9634814   0.9691558
0.9762659   0.9678449   0.9707065   0.9729048   0.9741866   0.9708739
0.9669669   0.9702154   0.9696006   0.9572948   0.9562402   0.9568558
0.9553221   0.9572205   0.9595643   0.9604795   0.9640888   0.9707276
0.9635590   0.9646535   0.9606087   0.9616816   0.9631329   0.9615908
0.9633721   0.9643123   0.9659376   0.9614275   0.9702356   0.9677618
0.9631480   0.9613137   0.9611263   0.9584690   0.9593390   0.9565806
0.9564932   0.9537517   0.9554579   0.9549719   0.9545951   0.9563996
0.9532077   0.9528366   0.9550992   0.9560810   0.9571679   0.9538414
0.9512620   0.9531270   0.9530177   0.9493388   0.9408905   0.9473948
0.9445969   0.9558331   0.9536289   0.9520320   0.9484153   0.9483403
0.9496472   0.9547548   0.9553411   0.9532540   0.9527221   0.9549318
0.9590912   0.9566900   0.9561789   0.9566131   0.9575785   0.9499744
0.9513370   0.9521218   0.9523651   0.9494798   0.9516148   0.9523834
0.9521101   0.9519945   0.9418763   0.9473560   0.9500375   0.9476314
0.9489653   0.9475953   0.9514733   0.9514009   0.9510095   0.9577781
0.9604478   0.9599327   0.9618186   0.9620280   0.9634101   0.9639605
0.9658584   0.9640016   0.9626253   0.9615212   0.9616504   0.9608758
0.9641050   0.9631085   0.9613699   0.9631803   0.9642386   0.9658709
0.9645974   0.9638236   0.9648702   0.9644214   0.9607868   0.9558995
0.9558493   0.9560045   0.9598236   0.9546622   0.9532721   0.9613600
0.9570895   0.9567752   0.9561518   0.9601168   0.9608964   0.9626262
0.9656206   0.9640797   0.9637474   0.9716683   0.9747781   0.9750133
0.9712916   0.9692188   0.9644851   0.9628861   0.9647760   0.9649823
0.9648804   0.9651898   0.9703146   0.9668604   0.9648930   0.9617257
0.9639724   0.9651568   0.9601728   0.9598838   0.9598286   0.9539523
0.9518354   0.9521195   0.9493057   0.9518186   0.9519386   0.9611585
0.9546464   0.9556190   0.9594165   0.9612393   0.9604771   0.9563755
0.9561475   0.9582639   0.9599100   0.9576663   0.9542194   0.9542128
0.9539522   0.9536578   0.9533661   0.9571757   0.9540049   0.9550869
0.9540317   0.9536617   0.9552873   0.9553836   0.9504537   0.9516394
0.9514759   0.9514458   0.9603288   0.9605078   0.9609380   0.9595578
0.9622321   0.9623622   0.9681718   0.9678481   0.9678547   0.9684881
0.9605448   0.9532657   0.9520690   0.9579639   0.9568606   0.9631059
0.9614343   0.9636176   0.9590455   0.9582258   0.9577859   0.9570688
0.9574204   0.9581357   0.9573178   0.9525972   0.9596944   0.9579625
0.9565239   0.9555984   0.9578731   0.9606673   0.9628933   0.9606053
0.9620936   0.9673891   0.9663959   0.9760994   0.9741145   0.9816782
0.9781913   0.9767104   0.9872715   0.9897466   0.9839956   0.9795451
0.9787662   0.9786600   0.9808731   0.9824125   0.9817801   0.9807459
0.9790905   0.9787981   0.9794968   0.9794176   0.9795302   0.9736626
0.9728713   0.9746219   0.9787229   0.9799328   0.9731342   0.9757891
0.9726541   0.9719198   0.9740208   0.9757405   0.9729466   0.9688975
0.9690384   0.9676374   0.9654237   0.9633126   0.9678496   0.9677128
0.9659240   0.9696123   0.9562007   0.9552039   0.9584981   0.9611360
0.9611621   0.9520969   0.9552431   0.9548499   0.9613082   0.9701892
0.9700269   0.9689856   0.9712245   0.9630618   0.9647941   0.9663052
0.9688299   0.9627868   0.9620141   0.9613250   0.9642002   0.9594359
0.9618564   0.9646971   0.9633740   0.9642526   0.9632629   0.9633713
0.9618905   0.9618640   0.9619943   0.9653915   0.9632801   0.9645832
0.9688220   0.9531298   0.9656202   0.9702256   0.9621296   0.9589358
0.9548925   0.9468187   0.9453652   0.9485006   0.9486562   0.9503075
0.9478751   0.9415011   0.9390301   0.9400513   0.9403044   0.9457466
0.9544921   0.9544115   0.9560052   0.9592459   0.9622399   0.9579182
0.9502394   0.9456040   0.9487182   0.9444960   0.9446027   0.9402667
0.9383778   0.9395934   0.9393076   0.9361054   0.9432095   0.9441897
0.9467907   0.9455187   0.9465072   0.9409407   0.9484828   0.9445259
0.9476259   0.9511145   0.9446239   0.9422997   0.9424027   0.9483168
0.9509543   0.9548594   0.9587722   0.9522149   0.9564754   0.9588807
0.9512549   0.9508146   0.9487456   0.9498679   0.9515521   0.9551084
0.9568761   0.9548699   0.9562477   0.9614885   0.9630397   0.9592815
0.9582503   0.9608456   0.9604119   0.9595848   0.9600763   0.9545794
0.9557049   0.9531195   0.9496113   0.9525255   0.9531015   0.9520128
0.9512219   0.9504174   0.9507457   0.9560042   0.9552605   0.9564292
0.9540414   0.9567141   0.9572592   0.9569676   0.9568554   0.9534514
0.9521126   0.9519043   0.9503796   0.9495280   0.9482437   0.9366138
0.9376784   0.9379010   0.9399053   0.9373434   0.9370433   0.9405759
0.9395656   0.9479515   0.9491130   0.9562743   0.9536370   0.9535739
0.9544228   0.9566856   0.9591334   0.9615751   0.9617295   0.9611294
0.9612632   0.9610200   0.9610037   0.9638867   0.9634398   0.9620859
0.9627427   0.9630402   0.9687744   0.9691850   0.9643449   0.9566544
0.9582640   0.9549814   0.9539243   0.9604434   0.9606468   0.9674194
0.9679887   0.9647779   0.9639766   0.9673115   0.9779893   0.9745238
0.9700147   0.9726621   0.9732030   0.9720983   0.9721310   0.9708539
0.9742815   0.9712784   0.9726415   0.9744606   0.9726338   0.9713338
0.9639457   0.9637804   0.9657430   0.9671286   0.9680078   0.9650750
0.9607887   0.9625984   0.9594034   0.9629904   0.9638949   0.9620010
0.9607309   0.9625112   0.9640366   0.9621359   0.9582914   0.9636105
0.9655362   0.9645136   0.9656747   0.9662685   0.9664959   0.9733439
0.9764104   0.9772878   0.9769551   0.9783778   0.9797992   0.9820525
0.9796048   0.9821626   0.9820638   0.9826842   0.9888034   0.9889685
0.9862546   0.9827232   0.9804492   0.9844444   0.9853412   0.9860224
0.9765787   0.9769833   0.9727240   0.9768094   0.9774205   0.9767261
0.9722737   0.9733396   0.9703256   0.9791104   0.9670831   0.9586654
0.9608194   0.9608563   0.9638343   0.9599136   0.9589008   0.9612266
0.9609927   0.9660278   0.9656552   0.9620158   0.9614679   0.9607000
0.9601118   0.9598462   0.9609807   0.9593294   0.9545177   0.9545336
0.9565844   0.9559164   0.9579958   0.9572555   0.9579305   0.9567959
0.9565327   0.9559828   0.9597555   0.9644540   0.9607245   0.9585239
0.9581034   0.9597029   0.9624461   0.9638155   0.9649510   0.9655382
0.9670813   0.9672093   0.9699274   0.9691900   0.9725705   0.9715050
0.9721554   0.9726969   0.9638078   0.9630774   0.9605994   0.9519094
0.9531135   0.9469106   0.9499830   0.9497510   0.9454892   0.9456065
0.9511059   0.9516571   0.9527724   0.9506520   0.9514363   0.9542717
0.9494349   0.9519300   0.9598604   0.9603041   0.9618416   0.9614252
0.9595713   0.9626853   0.9629264   0.9621287   0.9638079   0.9647442
0.9641593   0.9600236   0.9595895   0.9602788   0.9645042   0.9664044
0.9657468   0.9585704   0.9579871   0.9614490   0.9621633   0.9607089
0.9592792   0.9610866   0.9554760   0.9561801   0.9611674   0.9595771
0.9604149   0.9582740   0.9673643   0.9668181   0.9667562   0.9568481
0.9562653   0.9525956   0.9542936   0.9687421   0.9674600   0.9631514
0.9590866   0.9629981   0.9572017   0.9492326   0.9534782   0.9521200
0.9522585   0.9557760   0.9545743   0.9539559   0.9547878   0.9563737
0.9585359   0.9623877   0.9607114   0.9621589   0.9605797   0.9593519
0.9618465   0.9518079   0.9547725   0.9546958   0.9538487   0.9540168
0.9524391   0.9532954   0.9556563   0.9573899   0.9559314   0.9616166
0.9592018   0.9572795   0.9557875   0.9620648   0.9537026   0.9584123
0.9625671   0.9656142   0.9646265   0.9645490   0.9650535   0.9643157
0.9639462   0.9636580   0.9578035   0.9599885   0.9621507   0.9613203
0.9601838   0.9563668   0.9646975   0.9575560   0.9628263   0.9655578
0.9610396   0.9626555   0.9558073   0.9558936   0.9543146   0.9539917
0.9516127   0.9538212   0.9526890   0.9592753   0.9580670   0.9565910
0.9476358   0.9378724   0.9421335   0.9425623   0.9414852   0.9446788
0.9426837   0.9388436   0.9375966   0.9372124   0.9394608   0.9415785
0.9418118   0.9403089   0.9415291   0.9459410   0.9458759   0.9460443
0.9488509   0.9475593   0.9461446   0.9406083   0.9414527   0.9358669
0.9292921   0.9320370   0.9348998   0.9353676   0.9338462   0.9381737
0.9379634   0.9443210   0.9403649   0.9406185   0.9363367   0.9386953
0.9417945   0.9439067   0.9459087   0.9438137   0.9461087   0.9451226
0.9458754   0.9490668   0.9464512   0.9502924   0.9508059   0.9521700
0.9547131   0.9574980   0.9570180   0.9647460   0.9639744   0.9632639
0.9561316   0.9544988   0.9523000   0.9556698   0.9614208   0.9658827
0.9651107   0.9661701   0.9662902   0.9632824   0.9628137   0.9605488
0.9561484   0.9564663   0.9549344   0.9475595   0.9489871   0.9430794
0.9388500   0.9363469   0.9363962   0.9374752   0.9343430   0.9365543
0.9369643   0.9363320   0.9373876   0.9411324   0.9412068   0.9360974
0.9403281   0.9412866   0.9399411   0.9385535   0.9374505   0.9372444
0.9372282   0.9395086   0.9397157   0.9465832   0.9419165   0.9464360
0.9505802   0.9495539   0.9492642   0.9500348   0.9505250   0.9521000
0.9538462   0.9531921   0.9485277   0.9480484   0.9499343   0.9469196
0.9464245   0.9484775   0.9514892   0.9528716   0.9519021   0.9511348
0.9483339   0.9444197   0.9466272   0.9484360   0.9508843   0.9536902
0.9602653   0.9624378   0.9655946   0.9672697   0.9667596   0.9710704
0.9799925   0.9770240   0.9675810   0.9676156   0.9651389   0.9659768
0.9664797   0.9665125   0.9581346   0.9604429   0.9537891   0.9531829
0.9520631   0.9507852   0.9501120   0.9529101   0.9546709   0.9560306
0.9525717   0.9511145   0.9490354   0.9464978   0.9515960   0.9496163
0.9515423   0.9582161   0.9650306   0.9596974   0.9579971   0.9566022
0.9616270   0.9587004   0.9618434   0.9617937   0.9606281   0.9600141
0.9609093   0.9635347   0.9628544   0.9624868   0.9637415   0.9607079
0.9584489   0.9603715   0.9537817   0.9526560   0.9510397   0.9522493
0.9548245   0.9547261   0.9577077   0.9509921   0.9514031   0.9501919
0.9538635   0.9523961   0.9522346   0.9521853   0.9544191   0.9572053
0.9573536   0.9593786   0.9526978   0.9548835   0.9549308   0.9564170
0.9620112   0.9682853   0.9681334   0.9661186   0.9679195   0.9704446
0.9651584   0.9647236   0.9679767   0.9695033   0.9705641   0.9690829
0.9740287   0.9755508   0.9733347   0.9734068   0.9775587   0.9675046
0.9722982   0.9703185   0.9734467   0.9750232   0.9740854   0.9719071
0.9768683   0.9673886   0.9749019   0.9747885   0.9768431   0.9750363
0.9743882   0.9764671   0.9762514   0.9770738   0.9843825   0.9782882
0.9752683   0.9745126   0.9721686   0.9709599   0.9721905   0.9711442
0.9684848   0.9694134   0.9733448   0.9703583   0.9687321   0.9742879
0.9700368   0.9695150   0.9749563   0.9672215   0.9644415   0.9704452
0.9705727   0.9667897   0.9740863   0.9733841   0.9793391   0.9795210
0.9769139   0.9796271   0.9801718   0.9777870   0.9781441   0.9739662
0.9751367   0.9751205   0.9718507   0.9699577   0.9712315   0.9689938
0.9672937   0.9702080   0.9697410   0.9753200   0.9735694   0.9728970
0.9718723   0.9745763   0.9771092   0.9820877   0.9842632   0.9790377
0.9729579   0.9724176   0.9744146   0.9741942   0.9736129   0.9760193
0.9755337   0.9755265   0.9748455   0.9761973   0.9748717   0.9695127
0.9703714   0.9704727   0.9702703   0.9701776   0.9694141   0.9703830
0.9715386   0.9705342   0.9695365   0.9715496   0.9645874   0.9704600
0.9712188   0.9732668   0.9707061   0.9728143   0.9711481   0.9695049
0.9722167   0.9725555   0.9771653   0.9762605   0.9752655   0.9718742
0.9698115   0.9647861   0.9620848   0.9612812   0.9605097   0.9595241
0.9597972   0.9669844   0.9686076   0.9667757   0.9628791   0.9693849
0.9694834   0.9694970   0.9675830   0.9670309   0.9671990   0.9646659
0.9646821   0.9627515   0.9626245   0.9634416   0.9643180   0.9695970
0.9678609   0.9675645   0.9692082   0.9714739   0.9693824   0.9676607
0.9675547   0.9705931   0.9721513   0.9752124   0.9756772   0.9780907
0.9743903   0.9760827   0.9738468   0.9757267   0.9744130   0.9692524
0.9779282   0.9808839   0.9805131   0.9791301   0.9797031   0.9841019
0.9761145   0.9731126   0.9715395   0.9703016   0.9714905   0.9722566
0.9781593   0.9737492   0.9666169   0.9655319   0.9719531   0.9718031
0.9696697   0.9731701   0.9730323   0.9715114   0.9729432   0.9736356
0.9752734   0.9740733   0.9684131   0.9694883   0.9640848   0.9640223
0.9585002   0.9698677   0.9665879   0.9685878   0.9673456   0.9675941
0.9681121   0.9594174   0.9625857   0.9621672   0.9582927   0.9571233
0.9571779   0.9523564   0.9521659   0.9431925   0.9438384   0.9471422
0.9484640   0.9452669   0.9458901   0.9460843   0.9463487   0.9497878
0.9574029   0.9572820   0.9566050   0.9576743   0.9522901   0.9523768
0.9534050   0.9517621   0.9492287   0.9479675   0.9485341   0.9493803
0.9555039   0.9494815   0.9458731   0.9440905   0.9531603   0.9494045
0.9463851   0.9467626   0.9448587   0.9426257   0.9427875   0.9435297
0.9419416   0.9394605   0.9389210   0.9369276   0.9347544   0.9351935
0.9375694   0.9374951   0.9380501   0.9437618   0.9462937   0.9478888
0.9483702   0.9463518   0.9469473   0.9480454   0.9484016   0.9537138
0.9610674   0.9530172   0.9447797   0.9519388   0.9513021   0.9517235
0.9523020   0.9489579   0.9495248   0.9459668   0.9423494   0.9434085
0.9450451   0.9462548   0.9500464   0.9527774   0.9529056   0.9500480
0.9503149   0.9482082   0.9518592   0.9463950   0.9459924   0.9505831
0.9507331   0.9501534   0.9524020   0.9521862   0.9506302   0.9534488
0.9551317   0.9555841   0.9566395   0.9566427   0.9595349   0.9646478
0.9670088   0.9677251   0.9669616   0.9670601   0.9711207   0.9711920
0.9721301   0.9715864   0.9683951   0.9654229   0.9681929   0.9688145
0.9657250   0.9642572   0.9637175   0.9594234   0.9588948   0.9592318
0.9622595   0.9684789   0.9691163   0.9728749   0.9698195   0.9585114
0.9577753   0.9576837   0.9574000   0.9549832   0.9555890   0.9567970
0.9589563   0.9623770   0.9607837   0.9599539   0.9616645   0.9618545
0.9585615   0.9571457   0.9562621   0.9575966   0.9608817   0.9601237
0.9573979   0.9593658   0.9629737   0.9618559   0.9649015   0.9649418
0.9646160   0.9674389   0.9620050   0.9545627   0.9545739   0.9497070
0.9478696   0.9498532   0.9504060   0.9505651   0.9506746   0.9523947
0.9535006   0.9504252   0.9531734   0.9531750   0.9531160   0.9553845
0.9546279   0.9550075   0.9551380   0.9563219   0.9558846   0.9551453
0.9550653   0.9539706   0.9523104   0.9539208   0.9512926   0.9576830
0.9594013   0.9593288   0.9634774   0.9636245   0.9703036   0.9639707
0.9655593   0.9654116   0.9657700   0.9586625   0.9600739   0.9577107
0.9591387   0.9581559   0.9579071   0.9591015   0.9581905   0.9589650
0.9567725   0.9578020   0.9582913   0.9562458   0.9563173   0.9598079
0.9558543   0.9546464   0.9535295   0.9549325   0.9505576   0.9512596
0.9496840   0.9505886   0.9494291   0.9509426   0.9495532   0.9493610
0.9495270   0.9514953   0.9437164   0.9489359   0.9475378   0.9546309
0.9547746   0.9589711   0.9614199   0.9645269   0.9663784   0.9657903
0.9612125   0.9603564   0.9625912   0.9628113   0.9682516   0.9689363
0.9676329   0.9680554   0.9684085   0.9688353   0.9667272   0.9670346
0.9683806   0.9777977   0.9745536   0.9735409   0.9737191   0.9765727
0.9753248   0.9726432   0.9739430   0.9772156   0.9763751   0.9794700
0.9790793   0.9796539   0.9771364   0.9748382   0.9778761   0.9780679
0.9791502   0.9824353   0.9780659   0.9759403   0.9743145   0.9743553
0.9762240   0.9768385   0.9754857   0.9761019   0.9798238   0.9799160
0.9793369   0.9771982   0.9783228   0.9768745   0.9693018   0.9711901
0.9692428   0.9697571   0.9712064   0.9719854   0.9741894   0.9703219
0.9686003   0.9684910   0.9734457   0.9738151   0.9785184   0.9723148
0.9725942   0.9724725   0.9715774   0.9754436   0.9670015   0.9703433
0.9711438   0.9703664   0.9753101   0.9754894   0.9688770   0.9675016
0.9620763   0.9637811   0.9639267   0.9646969   0.9582437   0.9557962
0.9567229   0.9560013   0.9567799   0.9536094   0.9531590   0.9477422
0.9428719   0.9406027   0.9458871   0.9423747   0.9422930   0.9596446
0.9677676   0.9661754   0.9684189   0.9682291   0.9698807   0.9686519
0.9632894   0.9668844   0.9672746   0.9668811   0.9704267   0.9695140
0.9636492   0.9618837   0.9608745   0.9564731   0.9617743   0.9601501
0.9645923   0.9706262   0.9731234   0.9725066   0.9701552   0.9769152
0.9782370   0.9784658   0.9771443   0.9694518   0.9709095   0.9740478
0.9719236   0.9720222   0.9649225   0.9732491   0.9618652   0.9624698
0.9617462   0.9639236   0.9621930   0.9605264   0.9600666   0.9621598
0.9627165   0.9635794   0.9663769   0.9662695   0.9633561   0.9646379
0.9625852   0.9600205   0.9609394   0.9566122   0.9539257   0.9505361
0.9543683   0.9551586   0.9555741   0.9562228   0.9598167   0.9589789
0.9606547   0.9675885   0.9755344   0.9733754   0.9738995   0.9703904
0.9703676   0.9665814   0.9676296   0.9664128   0.9600302   0.9635652
0.9677760   0.9688141   0.9672216   0.9678388   0.9680192   0.9625232
0.9628514   0.9633173   0.9646977   0.9623379   0.9611701   0.9736398
0.9724648   0.9705945   0.9686881   0.9675676   0.9674552   0.9646941
0.9607276   0.9529200   0.9561469   0.9548813   0.9553513   0.9557358
0.9567150   0.9566855   0.9604085   0.9625495   0.9591163   0.9567811
0.9549061   0.9504459   0.9531124   0.9545406   0.9556999   0.9579438
0.9567936   0.9568555   0.9571847   0.9522526   0.9508588   0.9490343
0.9448177   0.9448373   0.9446561   0.9428464   0.9446326   0.9446588
0.9444901   0.9454192   0.9456906   0.9460330   0.9476896   0.9450321
0.9401998   0.9403325   0.9397927   0.9422540   0.9445711   0.9445687
0.9457131   0.9432154   0.9446573   0.9428444   0.9517752   0.9550492
0.9607211   0.9556301   0.9573246   0.9607798   0.9599714   0.9630538
0.9709477   0.9617482   0.9612489   0.9625891   0.9593136   0.9577439
0.9579015   0.9644262   0.9684423   0.9649719   0.9643737   0.9621564
0.9570241   0.9571305   0.9588447   0.9593941   0.9597827   0.9594706
0.9566947   0.9559708   0.9562783   0.9540761   0.9560555   0.9556342
0.9556687   0.9590901   0.9506105   0.9503190   0.9510333   0.9514645
0.9533849   0.9561081   0.9566994   0.9551478   0.9577793   0.9544061
0.9562640   0.9546872   0.9529033   0.9512126   0.9535629   0.9542400
0.9542255   0.9559111   0.9470941   0.9486093   0.9480474   0.9491598
0.9500803   0.9507035   0.9526604   0.9574297   0.9551155   0.9511031
0.9506695   0.9506276   0.9454354   0.9463364   0.9504800   0.9505298
0.9489032   0.9495892   0.9491781   0.9478586   0.9538530   0.9536834
0.9536760   0.9566656   0.9589914   0.9562353   0.9548104   0.9580931
0.9570314   0.9586047   0.9590406   0.9587961   0.9611444   0.9627422
0.9617379   0.9621115   0.9660255   0.9641807   0.9553599   0.9548860
0.9548327   0.9582520   0.9588097   0.9577860   0.9572742   0.9574062
0.9537659   0.9592413   0.9578184   0.9525593   0.9547595   0.9607679
0.9579198   0.9572808   0.9555714   0.9552867   0.9547433   0.9489974
0.9484176   0.9491924   0.9481099   0.9520296   0.9519636   0.9530868
0.9537815   0.9540907   0.9523203   0.9499122   0.9535395   0.9498160
0.9503821   0.9541935   0.9567143   0.9548178   0.9599506   0.9613676
0.9714224   0.9794321   0.9761395   0.9738730   0.9675401   0.9675076
0.9696424   0.9717800   0.9660453   0.9619596   0.9620802   0.9586258
0.9542206   0.9547583   0.9569706   0.9575414   0.9618959   0.9594372
0.9567931   0.9615912   0.9568364   0.9559999   0.9549845   0.9579789
0.9616841   0.9659740   0.9597198   0.9617223   0.9675091   0.9699621
0.9683018   0.9677942   0.9639131   0.9641400   0.9649680   0.9681955
0.9601033   0.9609921   0.9565876   0.9537777   0.9499898   0.9516079
0.9500042   0.9508035   0.9507745   0.9522679   0.9476681   0.9421072
0.9419745   0.9427355   0.9432292   0.9476240   0.9454339   0.9434215
0.9450025   0.9428346   0.9546975   0.9522458   0.9476419   0.9499243
0.9491422   0.9517402   0.9506097   0.9544827   0.9544877   0.9575754
0.9601573   0.9607326   0.9631041   0.9685777   0.9733054   0.9714175
0.9716192   0.9800040   0.9797805   0.9788617   0.9768846   0.9799863
0.9786935   0.9815806   0.9816489   0.9836655   0.9847456   0.9779385
0.9818043   0.9822847   0.9824384   0.9821464   0.9750625   0.9756003
0.9765892   0.9792309   0.9837785   0.9759003   0.9703348   0.9654962
0.9652540   0.9611342   0.9643163   0.9664297   0.9695486   0.9698719
0.9702146   0.9668205   0.9667028   0.9639672   0.9627461   0.9606779
0.9597378   0.9607246   0.9626893   0.9636602   0.9589544   0.9609113
0.9614666   0.9580292   0.9572886   0.9570706   0.9534675   0.9447719
0.9478426   0.9511192   0.9532239   0.9526882   0.9499510   0.9509318
0.9501008   0.9462126   0.9474374   0.9502778   0.9536028   0.9579338
0.9605039   0.9592488   0.9571489   0.9602634   0.9670343   0.9650523
0.9600572   0.9602661   0.9535930   0.9563866   0.9559887   0.9529641
0.9551857   0.9596704   0.9592563   0.9610345   0.9588770   0.9587319
0.9581630   0.9581435   0.9585187   0.9585507   0.9585471   0.9611092
0.9642887   0.9651167   0.9624216   0.9602803   0.9639134   0.9631916
0.9597027   0.9596334   0.9552698   0.9534011   0.9490291   0.9536804
0.9559692   0.9571435   0.9661537   0.9630495   0.9630426   0.9575113
0.9511440   0.9440002   0.9457707   0.9461995   0.9527437   0.9600787
0.9546737   0.9528679   0.9590097   0.9620428   0.9571445   0.9631887
0.9597213   0.9591726   0.9610369   0.9662622   0.9647043   0.9650451
0.9646896   0.9635700   0.9611760   0.9678724   0.9669100   0.9647295
0.9647764   0.9618458   0.9593492   0.9653275   0.9637827   0.9646172
0.9677774   0.9667517   0.9626701   0.9624394   0.9646639   0.9592564
0.9579268   0.9590422   0.9579661   0.9575975   0.9563548   0.9528352
0.9541044   0.9627558   0.9588626   0.9546365   0.9582101   0.9567291
0.9561324   0.9571823   0.9592794   0.9599822   0.9590122   0.9588721
0.9584551   0.9587944   0.9464572   0.9462141   0.9491146   0.9544176
0.9523762   0.9531435   0.9519059   0.9502261   0.9522739   0.9542655
0.9543289   0.9584841   0.9620082   0.9574934   0.9599077   0.9613353
0.9604555   0.9615763   0.9575757   0.9604240   0.9610759   0.9649313
0.9638818   0.9716682   0.9645254   0.9641004   0.9659290   0.9651533
0.9633860   0.9697766   0.9616048   0.9603016   0.9603581   0.9602503
0.9611940   0.9603852   0.9530527   0.9572023   0.9491120   0.9492704
0.9470062   0.9501264   0.9543095   0.9538452   0.9526358   0.9493767
0.9506113   0.9515014   0.9486243   0.9468349   0.9537961   0.9563225
0.9560242   0.9599926   0.9565594   0.9556576   0.9559851   0.9550592
0.9543589   0.9573409   0.9560693   0.9554086   0.9562771   0.9533413
0.9587037   0.9589353   0.9633521   0.9631237   0.9627331   0.9627180
0.9650683   0.9660190   0.9629092   0.9582780   0.9581110   0.9613186
0.9587926   0.9615270   0.9614073   0.9595072   0.9593712   0.9597426
0.9619433   0.9583058   0.9631446   0.9631267   0.9630237   0.9617062
0.9610635   0.9569758   0.9575159   0.9563510   0.9580992   0.9590825
0.9589488   0.9566484   0.9569679   0.9563883   0.9563893   0.9613766
0.9524925   0.9515441   0.9633213   0.9537437   0.9533932   0.9522754
0.9529492   0.9533987   0.9543073   0.9503402   0.9512662   0.9493253
0.9466500   0.9467899   0.9460374   0.9458469   0.9422090   0.9425001
0.9458339   0.9470197   0.9539282   0.9524779   0.9529170   0.9496052
0.9539491   0.9538120   0.9542447   0.9512012   0.9513599   0.9552640
0.9555553   0.9533511   0.9522804   0.9587089   0.9582363   0.9589983
0.9574554   0.9526685   0.9449586   0.9444685   0.9462166   0.9535942
0.9556328   0.9536639   0.9583288   0.9606849   0.9599032   0.9601446
0.9630312   0.9656536   0.9641453   0.9642495   0.9679502   0.9663991
0.9666622   0.9663878   0.9675539   0.9666313   0.9695589   0.9662088
0.9635526   0.9655498   0.9672793   0.9662883   0.9658690   0.9690578
0.9698445   0.9710651   0.9713379   0.9719482   0.9699951   0.9805124
0.9797162   0.9801434   0.9779939   0.9772338   0.9731185   0.9753534
0.9732997   0.9696641   0.9697449   0.9702051   0.9716261   0.9754405
0.9727688   0.9752424   0.9672215   0.9649130   0.9647511   0.9608042
0.9608107   0.9600156   0.9632683   0.9641589   0.9630288   0.9618808
0.9622221   0.9572246   0.9596736   0.9586330   0.9587946   0.9613392
0.9593457   0.9606656   0.9621159   0.9624188   0.9584797   0.9575119
0.9513634   0.9518180   0.9503511   0.9465872   0.9473534   0.9428604
0.9407196   0.9407146   0.9501446   0.9486709   0.9581739   0.9594263
0.9597393   0.9697203   0.9648740   0.9623714   0.9597341   0.9612344
0.9615715   0.9639424   0.9639009   0.9599304   0.9558544   0.9628524
0.9679691   0.9599350   0.9634659   0.9640652   0.9651387   0.9580648
0.9513091   0.9512457   0.9503762   0.9527713   0.9558795   0.9581715
0.9511395   0.9544171   0.9554015   0.9465940   0.9462004   0.9467029
0.9433180   0.9467429   0.9470753   0.9374286   0.9329481   0.9296252
0.9290949   0.9344008   0.9330226   0.9353337   0.9358589   0.9343779
0.9389763   0.9392942   0.9418344   0.9408908   0.9379233   0.9400222
0.9416292   0.9445631   0.9439923   0.9440875   0.9441256   0.9491880
0.9407645   0.9504550   0.9571898   0.9510586   0.9503995   0.9540396
0.9548460   0.9597288   0.9581757   0.9584755   0.9610078   0.9606336
0.9599188   0.9539441   0.9528381   0.9645322   0.9580749   0.9605053
0.9600119   0.9619929   0.9711718   0.9716433   0.9731480   0.9735962
0.9808239   0.9790975   0.9770387   0.9747289   0.9732153   0.9733465
0.9771297   0.9713793   0.9738509   0.9741707   0.9700608   0.9694666
0.9677272   0.9680243   0.9640517   0.9588906   0.9702424   0.9707615
0.9696389   0.9751854   0.9802688   0.9803642   0.9776052   0.9775183
0.9746138   0.9743727   0.9799288   0.9803943   0.9768201   0.9680212
0.9574264   0.9559951   0.9505369   0.9539891   0.9561160   0.9555740
0.9567470   0.9582520   0.9579750   0.9613662   0.9601012   0.9613172
0.9651313   0.9670824   0.9656920   0.9613191   0.9663130   0.9646656
0.9674713   0.9699577   0.9678348   0.9666384   0.9689512   0.9674018
0.9718937   0.9747733   0.9728643   0.9716212   0.9723409   0.9725550
0.9736055   0.9698709   0.9705396   0.9644057   0.9648061   0.9635588
0.9639029   0.9672274   0.9603187   0.9622796   0.9622285   0.9556077
0.9552227   0.9568334   0.9580549   0.9580351   0.9570662   0.9585563
0.9587398   0.9574789   0.9573918   0.9582807   0.9636127   0.9580368
0.9646728   0.9620601   0.9628955   0.9652976   0.9685728   0.9632680
0.9671996   0.9672809   0.9681665   0.9625802   0.9640625   0.9646512
0.9662386   0.9668980   0.9596560   0.9559973   0.9579374   0.9648282
0.9619855   0.9637476   0.9600373   0.9598869   0.9593131   0.9594781
0.9569984   0.9566669   0.9582814   0.9603368   0.9624752   0.9572668
0.9579842   0.9604998   0.9633917   0.9644453   0.9596249   0.9551266
0.9574095   0.9548509   0.9563746   0.9606620   0.9613642   0.9632243
0.9647830   0.9604147   0.9595792   0.9597083   0.9591823   0.9564953
0.9572285   0.9566882   0.9581177   0.9631854   0.9632153   0.9631429
0.9657660   0.9694144   0.9625131   0.9641559   0.9637036   0.9622203
0.9617414   0.9614110   0.9615542   0.9600294   0.9575548   0.9612812
0.9624997   0.9627974   0.9632404   0.9620675   0.9624816   0.9620812
0.9662298   0.9697213   0.9697134   0.9681459   0.9625247   0.9712451
0.9636205   0.9636466   0.9621996   0.9685145   0.9671618   0.9638099
0.9672516   0.9637342   0.9643139   0.9609015   0.9614642   0.9605825
0.9602304   0.9601517   0.9608115   0.9607215   0.9613796   0.9633185
0.9580406   0.9581121   0.9547050   0.9562214   0.9574870   0.9584351
0.9665726   0.9662755   0.9748310   0.9803296   0.9868475   0.9808068
0.9777556   0.9784990   0.9767153   0.9737361   0.9758874   0.9679965
0.9624929   0.9640472   0.9641716   0.9632580   0.9602748   0.9621684
0.9611483   0.9636266   0.9673966   0.9666734   0.9802511   0.9804369
0.9795307   0.9774666   0.9718198   0.9716383   0.9726022   0.9721606
0.9735503   0.9753679   0.9752991   0.9801898   0.9855719   0.9789096
0.9799996   0.9771591   0.9777008   0.9746064   0.9752814   0.9701342
0.9694308   0.9676832   0.9741880   0.9722505   0.9726630   0.9692478
0.9669123   0.9735210   0.9752942   0.9783776   0.9762989   0.9750021
0.9789183   0.9802729   0.9805562   0.9817834   0.9925720   0.9918834
0.9908725   0.9913400   0.9887886   0.9817110   0.9878770   0.9874881
0.9885059   0.9853573   0.9849228   0.9882401   0.9843033   0.9821044
0.9760374   0.9746869   0.9740943   0.9732500   0.9696252   0.9710860
0.9689825   0.9663815   0.9676355   0.9661277   0.9696830   0.9662682
0.9667709   0.9647310   0.9661973   0.9648573   0.9627195   0.9642801
0.9574760   0.9585315   0.9501397   0.9506259   0.9447343   0.9455526
0.9467717   0.9487605   0.9528869   0.9529594   0.9595938   0.9580615
0.9593944   0.9611827   0.9660188   0.9706610   0.9645745   0.9655973
0.9661297   0.9690539   0.9671538   0.9662435   0.9695681   0.9657152
0.9668963   0.9647764   0.9673717   0.9617664   0.9626296   0.9619626
0.9657851   0.9635450   0.9666457   0.9683386   0.9671737   0.9693157
0.9628601   0.9640403   0.9692734   0.9619590   0.9621814   0.9631935
0.9633893   0.9654845   0.9639252   0.9678480   0.9620942   0.9671755
0.9656147   0.9593991   0.9566694   0.9529704   0.9510362   0.9509728
0.9561330   0.9587577   0.9555436   0.9554826   0.9558515   0.9586594
0.9565296   0.9548459   0.9548700   0.9538675   0.9569654   0.9580511
0.9594486   0.9613279   0.9590033   0.9640843   0.9597677   0.9586757
0.9575858   0.9579436   0.9504784   0.9446248   0.9435782   0.9512641
0.9497520   0.9496448   0.9489306   0.9497803   0.9488978   0.9521201
0.9595950   0.9598654   0.9597746   0.9526304   0.9575871   0.9597382
0.9564218   0.9568913   0.9521874   0.9541646   0.9498347   0.9507471
0.9508480   0.9576823   0.9564246   0.9567181   0.9509788   0.9548482
0.9578034   0.9553954   0.9579367   0.9570194   0.9599264   0.9586072
0.9603030   0.9594421   0.9590557   0.9588964   0.9562398   0.9576787
0.9578931   0.9523486   0.9536606   0.9535801   0.9537528   0.9596219
0.9623916   0.9630320   0.9630445   0.9661615   0.9653167   0.9605403
0.9624655   0.9622920   0.9601326   0.9609389   0.9614820   0.9613321
0.9591910   0.9595284   0.9589544   0.9548541   0.9524223   0.9558965
0.9526446   0.9533236   0.9513289   0.9510978   0.9522675   0.9530354
0.9523333   0.9564275   0.9566367   0.9587072   0.9584056   0.9584922
0.9553537   0.9574042   0.9608334   0.9610276   0.9623359   0.9617417
0.9618346   0.9638438   0.9620230   0.9635885   0.9648860   0.9631165
0.9660415   0.9596589   0.9609145   0.9586117   0.9588142   0.9570045
0.9568471   0.9553663   0.9545542   0.9573944   0.9594568   0.9550678
0.9534135   0.9503666   0.9504318   0.9540439   0.9504038   0.9496825
0.9578266   0.9570786   0.9587916   0.9610165   0.9614416   0.9565340
0.9555153   0.9571043   0.9570174   0.9565156   0.9563680   0.9583549
0.9586879   0.9545406   0.9546957   0.9572303   0.9589008   0.9589443
0.9654368   0.9637983   0.9650911   0.9670381   0.9660651   0.9616521
0.9648648   0.9654923   0.9638277   0.9609682   0.9592847   0.9575514
0.9575138   0.9578412   0.9607343   0.9656638   0.9674448   0.9639259
0.9596249   0.9564309   0.9599838   0.9596134   0.9585042   0.9554300
0.9545249   0.9540512   0.9529917   0.9549469   0.9605967   0.9618504
0.9610303   0.9612596   0.9608483   0.9669196   0.9674054   0.9670928
0.9675267   0.9726137   0.9661972   0.9693223   0.9689131   0.9707795
0.9703236   0.9705639   0.9705601   0.9716023   0.9711426   0.9692856
0.9708116   0.9660450   0.9660864   0.9641306   0.9648192   0.9646922
0.9635260   0.9611925   0.9624776   0.9556952   0.9481753   0.9448565
0.9477648   0.9500861   0.9490370   0.9526199   0.9527626   0.9512156
0.9490923   0.9555869   0.9501092   0.9489457   0.9454046   0.9466662
0.9466364   0.9442015   0.9437865   0.9418372   0.9422920   0.9443470
0.9435056   0.9374426   0.9404610   0.9379059   0.9409104   0.9388889
0.9459143   0.9502391   0.9498172   0.9525250   0.9540866   0.9477250
0.9454238   0.9447608   0.9445146   0.9429421   0.9425204   0.9426189
0.9436795   0.9433815   0.9488128   0.9517640   0.9524578   0.9542338
0.9527706   0.9534241   0.9497460   0.9618207   0.9631757   0.9617054
0.9628700   0.9684401   0.9713001   0.9632838   0.9572569   0.9533618
0.9566630   0.9553515   0.9543739   0.9510129   0.9505033   0.9526145
0.9511233   0.9477691   0.9449092   0.9483961   0.9486381   0.9468904
0.9467322   0.9450269   0.9457561   0.9429172   0.9425473   0.9388973
0.9383845   0.9387965   0.9377656   0.9427482   0.9447719   0.9427854
0.9426342   0.9421974   0.9510401   0.9533438   0.9531686   0.9551957
0.9570923   0.9563285   0.9539410   0.9531974   0.9552702   0.9572583
0.9548064   0.9568628   0.9557637   0.9557571   0.9558453   0.9558313
0.9654083   0.9737481   0.9707049   0.9747404   0.9758456   0.9732608
0.9736752   0.9714405   0.9739986   0.9738135   0.9717699   0.9709877
0.9713538   0.9722828   0.9746159   0.9712786   0.9733407   0.9708651
0.9780425   0.9805511   0.9778783   0.9844717   0.9864493   0.9894534
0.9926722   0.9965822   0.9861743   0.9850123   0.9865002   0.9780514
0.9728977   0.9710688   0.9712042   0.9711658   0.9780171   0.9792579
0.9811907   0.9819781   0.9811265   0.9772055   0.9774094   0.9680177
0.9714493   0.9706207   0.9724816   0.9712627   0.9652089   0.9679080
0.9611797   0.9595463   0.9636885   0.9680346   0.9621714   0.9621997
0.9631264   0.9625734   0.9642344   0.9618607   0.9599466   0.9551460
0.9562249   0.9542354   0.9513632   0.9518544   0.9534646   0.9504237
0.9505851   0.9517009   0.9562621   0.9570238   0.9550241   0.9562225
0.9528109   0.9579623   0.9553260   0.9536753   0.9551088   0.9511419
0.9564524   0.9550876   0.9581376   0.9599338   0.9531028   0.9535348
0.9537403   0.9514958   0.9557190   0.9680883   0.9711512   0.9702612
0.9702004   0.9719244   0.9707548   0.9688457   0.9664668   0.9651151
0.9662255   0.9668543   0.9659743   0.9656280   0.9730301   0.9690913
0.9681408   0.9677971   0.9702016   0.9692929   0.9718227   0.9714036
0.9681843   0.9660783   0.9650225   0.9705442   0.9698551   0.9685058
0.9652999   0.9641737   0.9553814   0.9554374   0.9549212   0.9505776
0.9461499   0.9516999   0.9509603   0.9557412   0.9591092   0.9665451
0.9662909   0.9674203   0.9642055   0.9639930   0.9675232   0.9627136
0.9639600   0.9634500   0.9628738   0.9623884   0.9637477   0.9641403
0.9631142   0.9675664   0.9684266   0.9707631   0.9607431   0.9606389
0.9621892   0.9602059   0.9621348   0.9621169   0.9597030   0.9487107
0.9481024   0.9504766   0.9550801   0.9561340   0.9524716   0.9548624
0.9547287   0.9557650   0.9556060   0.9536103   0.9537333   0.9550628
0.9573872   0.9592747   0.9570719   0.9583393   0.9631359   0.9634421
0.9738348   0.9831816   0.9852971   0.9830969   0.9821479   0.9923636
0.9865011   0.9880014   0.9859601   0.9794682   0.9821517   0.9810743
0.9775435   0.9797060   0.9795994   0.9811516   0.9787926   0.9793562
0.9769904   0.9615850   0.9625637   0.9626408   0.9607703   0.9591146
0.9584352   0.9628013   0.9624941   0.9617960   0.9604491   0.9619652
0.9645413   0.9707369   0.9713788   0.9637580   0.9612073   0.9634943
0.9634737   0.9655139   0.9638789   0.9653977   0.9631277   0.9676252
0.9690062   0.9681729   0.9723919   0.9732525   0.9731280   0.9727498
0.9772368   0.9797061   0.9785967   0.9787154   0.9767762   0.9772720
0.9777282   0.9756122   0.9834186   0.9832223   0.9800044   0.9684084
0.9699265   0.9681861   0.9661503   0.9666010   0.9661595   0.9620331
0.9621183   0.9545279   0.9541770   0.9478816   0.9473170   0.9542699
0.9469912   0.9509835   0.9520309   0.9553248   0.9553806   0.9553050
0.9549672   0.9672630   0.9645798   0.9655180   0.9646046   0.9631060
0.9672194   0.9670470   0.9633131   0.9656213   0.9653565   0.9712337
0.9647949   0.9663305   0.9657780   0.9648390   0.9657658   0.9672270
0.9640774   0.9621734   0.9620210   0.9625146   0.9690204   0.9675137
0.9670781   0.9670905   0.9672520   0.9704436   0.9696854   0.9725955
0.9714403   0.9701476   0.9707499   0.9716966   0.9700528   0.9675500
0.9611943   0.9627461   0.9617377   0.9576191   0.9576900   0.9580156
0.9612107   0.9585671   0.9626961   0.9644078   0.9727261   0.9724954
0.9760130   0.9709735   0.9673655   0.9671324   0.9663169   0.9578093
0.9622774   0.9620484   0.9567733   0.9603640   0.9619225   0.9620787
0.9617762   0.9616416   0.9611970   0.9613048   0.9596022   0.9591244
0.9582676   0.9614757   0.9571625   0.9588909   0.9566390   0.9564786
0.9549363   0.9494875   0.9544989   0.9578988   0.9574057   0.9572869
0.9624521   0.9630843   0.9652731   0.9637990   0.9645610   0.9673932
0.9713397   0.9694135   0.9660207   0.9650776   0.9654350   0.9662901
0.9664881   0.9676283   0.9714905   0.9717233   0.9658928   0.9612799
0.9614939   0.9601251   0.9607299   0.9610661   0.9614365   0.9655134
0.9668433   0.9714623   0.9681272   0.9693943   0.9731499   0.9657702
0.9649834   0.9662932   0.9643872   0.9681300   0.9680417   0.9663505
0.9615493   0.9630353   0.9618090   0.9602033   0.9648661   0.9573040
0.9612692   0.9591580   0.9582949   0.9619724   0.9625614   0.9595845
0.9602782   0.9591256   0.9599194   0.9571943   0.9563684   0.9567014
0.9540238   0.9647723   0.9599864   0.9585036   0.9588439   0.9634727
0.9594340   0.9582448   0.9572466   0.9526714   0.9527061   0.9536806
0.9517834   0.9557374   0.9593682   0.9598514   0.9563134   0.9566482
0.9594574   0.9558842   0.9546413   0.9550864   0.9534830   0.9483393
0.9489860   0.9504927   0.9527016   0.9586531   0.9583618   0.9606279
0.9614405   0.9578343   0.9565591   0.9570498   0.9522707   0.9515186
0.9526901   0.9536617   0.9590920   0.9544316   0.9506636   0.9505642
0.9487963   0.9519642   0.9495777   0.9557049   0.9568158   0.9604993
0.9560447   0.9557767   0.9478848   0.9451319   0.9447532   0.9459457
0.9458397   0.9446640   0.9444474   0.9444548   0.9470424   0.9482491
0.9507034   0.9515831   0.9483875   0.9492171   0.9523220   0.9545050
0.9564935   0.9552504   0.9529983   0.9526921   0.9521968   0.9564940
0.9572017   0.9562868   0.9557571   0.9542425   0.9600137   0.9587175
0.9598465   0.9648202   0.9666261   0.9669017   0.9686236   0.9682931
0.9747092   0.9761722   0.9782475   0.9802908   0.9742208   0.9831921
0.9837734   0.9731437   0.9717066   0.9719641   0.9684915   0.9574627
0.9623963   0.9671139   0.9666439   0.9628565   0.9673901   0.9727544
0.9719927   0.9706543   0.9727261   0.9729764   0.9748902   0.9735104
0.9728786   0.9763005   0.9758778   0.9768112   0.9762844   0.9757539
0.9864339   0.9873920   0.9838158   0.9867991   0.9854208   0.9868789
0.9815863   0.9813664   0.9767143   0.9730795   0.9741329   0.9724110
0.9774851   0.9745878   0.9747308   0.9755786   0.9748255   0.9751427
0.9756971   0.9744185   0.9744984   0.9703270   0.9680400   0.9649529
0.9671323   0.9690833   0.9687670   0.9750567   0.9727537   0.9701874
0.9753278   0.9733325   0.9646677   0.9644927   0.9645383   0.9668313
0.9594719   0.9604404   0.9612868   0.9617057   0.9614448   0.9619573
0.9569990   0.9581189   0.9656236   0.9570170   0.9589173   0.9634092
0.9683145   0.9713634   0.9699004   0.9679219   0.9703991   0.9716655
0.9707269   0.9661135   0.9633344   0.9686590   0.9605019   0.9593587
0.9625463   0.9617787   0.9661353   0.9668869   0.9663872   0.9683917
0.9588054   0.9624712   0.9588049   0.9574094   0.9577606   0.9574117
0.9602500   0.9554434   0.9544064   0.9590255   0.9626904   0.9519123
0.9548043   0.9553765   0.9587326   0.9550172   0.9547241   0.9544343
0.9528092   0.9605835   0.9616219   0.9602550   0.9579118   0.9570945
0.9565459   0.9556401   0.9544795   0.9519941   0.9540777   0.9578943
0.9618305   0.9616176   0.9530818   0.9514753   0.9510199   0.9579930
0.9542842   0.9576020   0.9655817   0.9650009   0.9653008   0.9632206
0.9686447   0.9691382   0.9603190   0.9634180   0.9646018   0.9653580
0.9609585   0.9613610   0.9607488   0.9614704   0.9626337   0.9616852
0.9640674   0.9604410   0.9612300   0.9651309   0.9714124   0.9716365
0.9733728   0.9709832   0.9712699   0.9717354   0.9714581   0.9746758
0.9726198   0.9685578   0.9702845   0.9709664   0.9732966   0.9747585
0.9728425   0.9707851   0.9757485   0.9697549   0.9768138   0.9766982
0.9739752   0.9695458   0.9705994   0.9664390   0.9664232   0.9663468
0.9633686   0.9664320   0.9722425   0.9675230   0.9729723   0.9766072
0.9672216   0.9625840   0.9675459   0.9674582   0.9585628   0.9592685
0.9589086   0.9561834   0.9598014   0.9626744   0.9648981   0.9708765
0.9654909   0.9655123   0.9654302   0.9630894   0.9576015   0.9577302
0.9538403   0.9562679   0.9610355   0.9631353   0.9654537   0.9677288
0.9608102   0.9645534   0.9614709   0.9569976   0.9610036   0.9673940
0.9619952   0.9592513   0.9595269   0.9599376   0.9607730   0.9610697
0.9638667   0.9618488   0.9601076   0.9580128   0.9597519   0.9611608
0.9638579   0.9620758   0.9607038   0.9625962   0.9672779   0.9628862
0.9594208   0.9661585   0.9636432   0.9595334   0.9586397   0.9587673
0.9582263   0.9608870   0.9495458   0.9447303   0.9451084   0.9410998
0.9471716   0.9492598   0.9516439   0.9515991   0.9515322   0.9522866
0.9589105   0.9664565   0.9648698   0.9646229   0.9662994   0.9601094
0.9597801   0.9580770   0.9623576   0.9631857   0.9617347   0.9591125
0.9556841   0.9579153   0.9634336   0.9623853   0.9607142   0.9620619
0.9644472   0.9686938   0.9685800   0.9658931   0.9668795   0.9682256
0.9705786   0.9681287   0.9622655   0.9637529   0.9650822   0.9644820
0.9682062   0.9657840   0.9612973   0.9627976   0.9636514   0.9615065
0.9675578   0.9676404   0.9652823   0.9646188   0.9623358   0.9628586
0.9608950   0.9636334   0.9616421   0.9561562   0.9650086   0.9605293
0.9605084   0.9686983   0.9692600   0.9692845   0.9688475   0.9693685
0.9697917   0.9661971   0.9723915   0.9685632   0.9675046   0.9679799
0.9692085   0.9628891   0.9658574   0.9685691   0.9694004   0.9645209
0.9615513   0.9629743   0.9700927   0.9691068   0.9756520   0.9670552
0.9671507   0.9653896   0.9642462   0.9665861   0.9654785   0.9623785
0.9544882   0.9558904   0.9578808   0.9607017   0.9611860   0.9594575
